0 0.0915188 1e-15
0.010101 0.173235 0.0859755
0.020202 0.246089 0.16272
0.030303 0.310934 0.231122
0.040404 0.368539 0.291981
0.0505051 0.419599 0.346022
0.0606061 0.464743 0.393901
0.0707071 0.50454 0.43621
0.0808081 0.539503 0.473483
0.0909091 0.570097 0.506205
0.10101 0.596741 0.534812
0.111111 0.619815 0.559701
0.121212 0.639662 0.581228
0.131313 0.656592 0.599716
0.141414 0.670885 0.615458
0.151515 0.682795 0.628717
0.161616 0.692551 0.639731
0.171717 0.700358 0.648717
0.181818 0.706406 0.655869
0.191919 0.710862 0.661364
0.20202 0.71388 0.66536
0.212121 0.715598 0.668002
0.222222 0.716141 0.66942
0.232323 0.715621 0.669731
0.242424 0.714141 0.669042
0.252525 0.711793 0.667448
0.262626 0.708661 0.665037
0.272727 0.704819 0.661888
0.282828 0.700336 0.65807
0.292929 0.695274 0.653649
0.30303 0.689688 0.648682
0.313131 0.683628 0.643222
0.323232 0.67714 0.637317
0.333333 0.670266 0.631008
0.343434 0.663041 0.624335
0.353535 0.655501 0.617332
0.363636 0.647675 0.610032
0.373737 0.63959 0.602463
0.383838 0.631272 0.594651
0.393939 0.622743 0.586618
0.40404 0.614024 0.578388
0.414141 0.605132 0.569977
0.424242 0.596084 0.561404
0.434343 0.586895 0.552684
0.444444 0.577578 0.543832
0.454545 0.568147 0.53486
0.464646 0.558612 0.525779
0.474747 0.548982 0.516601
0.484848 0.539268 0.507333
0.494949 0.529476 0.497986
0.505051 0.519615 0.488566
0.515152 0.509692 0.479081
0.525253 0.499711 0.469537
0.535354 0.489679 0.459939
0.545455 0.479601 0.450293
0.555556 0.469481 0.440604
0.565657 0.459323 0.430875
0.575758 0.449131 0.42111
0.585859 0.438908 0.411313
0.59596 0.428657 0.401487
0.606061 0.41838 0.391634
0.616162 0.408081 0.381758
0.626263 0.397761 0.37186
0.636364 0.387422 0.361942
0.646465 0.377067 0.352007
0.656566 0.366696 0.342056
0.666667 0.356311 0.332091
0.676768 0.345914 0.322113
0.686869 0.335506 0.312123
0.69697 0.325087 0.302122
0.707071 0.314659 0.292112
0.717172 0.304223 0.282093
0.727273 0.293779 0.272066
0.737374 0.283329 0.262032
0.747475 0.272872 0.251992
0.757576 0.26241 0.241946
0.767677 0.251943 0.231895
0.777778 0.241471 0.221839
0.787879 0.230995 0.211778
0.79798 0.220516 0.201714
0.808081 0.210033 0.191646
0.818182 0.199547 0.181576
0.828283 0.189058 0.171502
0.838384 0.178567 0.161426
0.848485 0.168073 0.151347
0.858586 0.157578 0.141266
0.868687 0.147081 0.131184
0.878788 0.136582 0.121099
0.888889 0.126081 0.111014
0.89899 0.115579 0.100926
0.909091 0.105076 0.0908377
0.919192 0.0945722 0.080748
0.929293 0.0840671 0.0706572
0.939394 0.0735611 0.0605655
0.949495 0.0630542 0.0504729
0.959596 0.0525467 0.0403796
0.969697 0.0420384 0.0302856
0.979798 0.0315296 0.0201909
0.989899 0.0210202 0.0100957
1 0.0105103 2.0034e-15
