0 -0 4.94066e-324 
1 -0 1.061e-314 
2 -0 1.41466e-314 
3 -0 1.061e-314 
4 -0 8.48798e-315 
5 -0 7.07332e-315 
6 -0 6.06285e-315 
7 -0 6.06285e-315 
8 -0 5.30499e-315 
9 -0 5.30499e-315 
10 -0 4.71555e-315 
11 -0 4.24399e-315 
12 -0 5.78726e-315 
13 0.000243965 5.78773e-315 
14 0.000223636 7.07371e-315 
15 0.000206433 6.5296e-315 
16 0.000191688 6.06321e-315 
17 0.000178909 5.659e-315 
18 0.000167728 6.63154e-315 
19 -7.95729 2.11421e-314 
20 -7.95729 2.11421e-314 
21 -7.97859 2.11809e-314 
22 -7.97859 2.11809e-314 
23 -7.97859 2.11809e-314 
24 -7.97859 2.11809e-314 
25 -7.97859 2.11809e-314 
26 -7.97859 2.11809e-314 
27 -7.97859 2.11809e-314 
28 -7.97859 2.11809e-314 
29 -7.97859 2.11809e-314 
30 -7.97859 2.11809e-314 
31 -7.97859 2.11809e-314 
32 -7.97859 2.11809e-314 
33 -7.97859 2.11809e-314 
34 -7.97859 2.11809e-314 
35 -7.98571 1.41332e-314 
36 -7.98571 1.41332e-314 
37 -7.98571 1.41332e-314 
38 -7.98571 1.41332e-314 
39 -7.98928 1.06046e-314 
40 -7.98928 1.06046e-314 
41 -7.98928 1.06046e-314 
42 -7.98928 1.06046e-314 
43 -7.99142 1.27254e-314 
44 -7.99142 1.27254e-314 
45 -7.99142 1.27254e-314 
46 -7.99142 1.27254e-314 
47 -7.99089 1.2726e-314 
48 -7.99035 1.27251e-314 
49 -7.98981 1.27257e-314 
50 -7.98928 1.27249e-314 
51 -7.99106 1.06064e-314 
52 -7.99106 1.06064e-314 
53 -7.99106 1.06064e-314 
54 -7.99106 1.06064e-314 
55 -7.99062 1.06058e-314 
56 -7.99017 1.06052e-314 
57 -7.99157 9.0918e-315 
58 -7.99157 9.0918e-315 
59 -7.99157 9.0918e-315 
60 -7.99157 9.0918e-315 
61 -7.99119 9.09238e-315 
62 -7.99081 9.09296e-315 
63 -7.99081 9.09296e-315 
64 -7.99043 9.09354e-315 
65 -7.99004 9.09412e-315 
66 -7.98966 9.0947e-315 
67 -7.98966 9.0947e-315 
68 -7.98928 9.09427e-315 
69 -7.98928 9.09427e-315 
70 -7.9889 9.09485e-315 
71 -7.99028 1.06086e-314 
72 -7.99028 1.06086e-314 
73 -7.99028 1.06086e-314 
74 -7.99028 1.06086e-314 
75 -7.99136 1.17864e-314 
76 -7.99136 1.17864e-314 
77 -7.99222 1.27288e-314 
78 -7.99196 1.27291e-314 
79 -7.99196 1.27291e-314 
80 -7.99169 1.27287e-314 
81 -7.99169 1.27287e-314 
82 -7.99142 1.27283e-314 
83 -7.99115 1.27286e-314 
84 -7.99089 1.27288e-314 
85 -7.99089 1.27288e-314 
86 -7.99062 1.27291e-314 
87 -7.99062 1.27291e-314 
88 -7.99035 1.27294e-314 
89 -7.99123 1.35004e-314 
90 -7.99123 1.35004e-314 
91 -7.99123 1.35004e-314 
92 -7.99123 1.35004e-314 
93 -7.99123 1.35004e-314 
94 -7.99123 1.35004e-314 
95 -7.99123 1.35004e-314 
96 -7.99123 1.35004e-314 
97 -7.99196 1.41431e-314 
98 -7.99196 1.41431e-314 
99 -7.99257 1.4687e-314 
100 -7.99257 1.4687e-314 
101 -7.99257 1.4687e-314 
102 -7.99257 1.4687e-314 
103 -7.9931 1.51532e-314 
104 -7.9931 1.51532e-314 
105 -7.99356 1.55573e-314 
106 -7.99356 1.55573e-314 
107 -7.99339 1.5557e-314 
108 -7.99321 1.55571e-314 
109 -7.99363 1.59107e-314 
110 -7.99363 1.59107e-314 
111 -7.99363 1.59107e-314 
112 -7.99363 1.59107e-314 
113 -7.99401 1.49755e-314 
114 -7.99401 1.49755e-314 
115 -7.99401 1.49755e-314 
116 -7.99401 1.49755e-314 
117 -7.99401 1.49755e-314 
118 -7.99401 1.49755e-314 
119 -7.99401 1.49755e-314 
120 -7.99401 1.49755e-314 
121 -7.99434 1.41441e-314 
122 -7.99434 1.41441e-314 
123 -7.99434 1.41441e-314 
124 -7.99434 1.41441e-314 
125 -7.99434 1.41441e-314 
126 -7.99419 1.41443e-314 
127 -7.99449 1.45164e-314 
128 -7.99449 1.45164e-314 
129 -7.99435 1.45162e-314 
130 -7.99421 1.45159e-314 
131 -7.99407 1.45156e-314 
132 -7.99393 1.45154e-314 
133 -7.99379 1.45151e-314 
134 -7.99365 1.45149e-314 
135 -7.99351 1.45146e-314 
136 -7.99337 1.45144e-314 
137 -7.99323 1.45141e-314 
138 -7.99308 1.45139e-314 
139 -7.99343 1.37888e-314 
140 -7.99343 1.37888e-314 
141 -7.99343 1.37888e-314 
142 -7.99343 1.37888e-314 
143 -7.99374 1.41423e-314 
144 -7.99374 1.41423e-314 
145 -7.99374 1.41423e-314 
146 -7.99374 1.41423e-314 
147 -7.99374 1.41423e-314 
148 -7.99374 1.41423e-314 
149 -7.99374 1.41423e-314 
150 -7.99374 1.41423e-314 
151 -7.99374 1.41423e-314 
152 -7.99374 1.41423e-314 
153 -7.99403 1.44638e-314 
154 -7.99391 1.44639e-314 
155 -7.99417 1.47574e-314 
156 -7.99405 1.47575e-314 
157 -7.99394 1.47576e-314 
158 -7.99382 1.47577e-314 
159 -7.99382 1.47577e-314 
160 -7.9937 1.47575e-314 
161 -7.99359 1.47573e-314 
162 -7.99347 1.47571e-314 
163 -7.99374 1.41427e-314 
164 -7.99374 1.41427e-314 
165 -7.99399 1.35774e-314 
166 -7.99399 1.35774e-314 
167 -7.99399 1.35774e-314 
168 -7.99389 1.35775e-314 
169 -7.99378 1.35776e-314 
170 -7.99367 1.35774e-314 
171 -7.99356 1.35772e-314 
172 -7.99346 1.35771e-314 
173 -7.99346 1.35771e-314 
174 -7.99335 1.35769e-314 
175 -7.99324 1.35767e-314 
176 -7.99314 1.35765e-314 
177 -7.99303 1.35766e-314 
178 -7.99292 1.35764e-314 
179 -7.99281 1.35763e-314 
180 -7.99271 1.35761e-314 
181 -7.99299 1.38698e-314 
182 -7.99299 1.38698e-314 
183 -7.99299 1.38698e-314 
184 -7.99299 1.38698e-314 
185 -7.99299 1.38698e-314 
186 -7.99299 1.38698e-314 
187 -7.99299 1.38698e-314 
188 -7.99299 1.38698e-314 
189 -7.99288 1.38699e-314 
190 -7.99278 1.387e-314 
191 -7.99268 1.38698e-314 
192 -7.99257 1.38696e-314 
193 -7.99285 1.33564e-314 
194 -7.99285 1.33564e-314 
195 -7.99275 1.33562e-314 
196 -7.99265 1.33561e-314 
197 -7.99255 1.33562e-314 
198 -7.99245 1.3356e-314 
199 -7.99245 1.3356e-314 
200 -7.99235 1.33558e-314 
201 -7.99263 1.28793e-314 
202 -7.99263 1.28793e-314 
203 -7.99263 1.28793e-314 
204 -7.99263 1.28793e-314 
205 -7.99288 1.24356e-314 
206 -7.99279 1.24354e-314 
207 -7.99303 1.20213e-314 
208 -7.99303 1.20213e-314 
209 -7.99325 1.16338e-314 
210 -7.99325 1.16338e-314 
211 -7.99317 1.16339e-314 
212 -7.99308 1.1634e-314 
213 -7.9933 1.19333e-314 
214 -7.9933 1.19333e-314 
215 -7.9933 1.19333e-314 
216 -7.9933 1.19333e-314 
217 -7.9933 1.19333e-314 
218 -7.9933 1.19333e-314 
219 -7.9935 1.1572e-314 
220 -7.9935 1.1572e-314 
221 -7.9935 1.1572e-314 
222 -7.9935 1.1572e-314 
223 -7.9935 1.1572e-314 
224 -7.9935 1.1572e-314 
225 -7.99369 1.18556e-314 
226 -7.99369 1.18556e-314 
227 -7.99369 1.18556e-314 
228 -7.99369 1.18556e-314 
229 -7.99369 1.18556e-314 
230 -7.99361 1.18554e-314 
231 -7.99353 1.18553e-314 
232 -7.99345 1.18554e-314 
233 -7.99364 1.21228e-314 
234 -7.99364 1.21228e-314 
235 -7.99364 1.21228e-314 
236 -7.99364 1.21228e-314 
237 -7.99364 1.21228e-314 
238 -7.99364 1.21228e-314 
239 -7.99364 1.21228e-314 
240 -7.99364 1.21228e-314 
241 -7.99356 1.21226e-314 
242 -7.99349 1.21227e-314 
243 -7.99349 1.21227e-314 
244 -7.99341 1.21228e-314 
245 -7.99359 1.17863e-314 
246 -7.99359 1.17863e-314 
247 -7.99359 1.17863e-314 
248 -7.99359 1.17863e-314 
249 -7.99359 1.17863e-314 
250 -7.99359 1.17863e-314 
251 -7.99352 1.17862e-314 
252 -7.99345 1.17861e-314 
253 -7.99337 1.17862e-314 
254 -7.9933 1.17861e-314 
255 -7.99348 1.14678e-314 
256 -7.99348 1.14678e-314 
257 -7.99348 1.14678e-314 
258 -7.99348 1.14678e-314 
259 -7.99348 1.14678e-314 
260 -7.99348 1.14678e-314 
261 -7.99348 1.14678e-314 
262 -7.99348 1.14678e-314 
263 -7.99348 1.14678e-314 
264 -7.99348 1.14678e-314 
265 -7.99348 1.14678e-314 
266 -7.9934 1.14677e-314 
267 -7.99333 1.14676e-314 
268 -7.99326 1.14675e-314 
269 -7.99344 1.17239e-314 
270 -7.99344 1.17239e-314 
271 -7.99344 1.17239e-314 
272 -7.99344 1.17239e-314 
273 -7.99344 1.17239e-314 
274 -7.99344 1.17239e-314 
275 -7.99344 1.17239e-314 
276 -7.99344 1.17239e-314 
277 -7.99344 1.17239e-314 
278 -7.99344 1.17239e-314 
279 -7.99344 1.17239e-314 
280 -7.99337 1.17238e-314 
281 -7.99337 1.17238e-314 
282 -7.9933 1.17237e-314 
283 -7.99347 1.14234e-314 
284 -7.99347 1.14234e-314 
285 -7.99363 1.1138e-314 
286 -7.99356 1.11379e-314 
287 -7.99356 1.11379e-314 
288 -7.9935 1.11378e-314 
289 -7.99366 1.08664e-314 
290 -7.99366 1.08664e-314 
291 -7.99381 1.06079e-314 
292 -7.99381 1.06079e-314 
293 -7.99381 1.06079e-314 
294 -7.99374 1.06079e-314 
295 -7.99374 1.06079e-314 
296 -7.99368 1.0608e-314 
297 -7.99362 1.06081e-314 
298 -7.99355 1.06082e-314 
299 -7.99349 1.06083e-314 
300 -7.99342 1.06084e-314 
301 -7.99336 1.06085e-314 
302 -7.9933 1.06085e-314 
303 -7.9933 1.06085e-314 
304 -7.99323 1.06086e-314 
305 -7.99317 1.06087e-314 
306 -7.9931 1.06088e-314 
307 -7.99327 1.08554e-314 
308 -7.99327 1.08554e-314 
309 -7.99342 1.10907e-314 
310 -7.99342 1.10907e-314 
311 -7.99342 1.10907e-314 
312 -7.99342 1.10907e-314 
313 -7.99356 1.08445e-314 
314 -7.9935 1.08444e-314 
315 -7.99345 1.08445e-314 
316 -7.99339 1.08444e-314 
317 -7.99353 1.06088e-314 
318 -7.99353 1.06088e-314 
319 -7.99353 1.06088e-314 
320 -7.99353 1.06088e-314 
321 -7.99353 1.06088e-314 
322 -7.99347 1.06089e-314 
323 -7.99341 1.0609e-314 
324 -7.99335 1.06091e-314 
325 -7.9933 1.0609e-314 
326 -7.99324 1.06089e-314 
327 -7.99318 1.0609e-314 
328 -7.99312 1.06091e-314 
329 -7.99306 1.06091e-314 
330 -7.99301 1.06092e-314 
331 -7.99301 1.06092e-314 
332 -7.99295 1.06091e-314 
333 -7.9931 1.03836e-314 
334 -7.9931 1.03836e-314 
335 -7.9931 1.03836e-314 
336 -7.9931 1.03836e-314 
337 -7.99324 1.06092e-314 
338 -7.99324 1.06092e-314 
339 -7.99324 1.06092e-314 
340 -7.99324 1.06092e-314 
341 -7.99338 1.08255e-314 
342 -7.99338 1.08255e-314 
343 -7.99338 1.08255e-314 
344 -7.99338 1.08255e-314 
345 -7.99338 1.08255e-314 
346 -7.99332 1.08256e-314 
347 -7.99327 1.08257e-314 
348 -7.99321 1.08257e-314 
349 -7.99335 1.06094e-314 
350 -7.9933 1.06093e-314 
351 -7.99324 1.06093e-314 
352 -7.99319 1.06092e-314 
353 -7.99314 1.06093e-314 
354 -7.99308 1.06093e-314 
355 -7.99308 1.06093e-314 
356 -7.99303 1.06094e-314 
357 -7.99303 1.06094e-314 
358 -7.99297 1.06095e-314 
359 -7.99292 1.06094e-314 
360 -7.99287 1.06093e-314 
361 -7.99281 1.06093e-314 
362 -7.99276 1.06093e-314 
363 -7.99271 1.06094e-314 
364 -7.99265 1.06095e-314 
365 -7.9926 1.06096e-314 
366 -7.99255 1.06095e-314 
367 -7.99255 1.06095e-314 
368 -7.99249 1.06094e-314 
369 -7.99244 1.06093e-314 
370 -7.99239 1.06094e-314 
371 -7.99253 1.08173e-314 
372 -7.99253 1.08173e-314 
373 -7.99253 1.08173e-314 
374 -7.99253 1.08173e-314 
375 -7.99253 1.08173e-314 
376 -7.99253 1.08173e-314 
377 -7.99253 1.08173e-314 
378 -7.99253 1.08173e-314 
379 -7.99268 1.10171e-314 
380 -7.99268 1.10171e-314 
381 -7.99268 1.10171e-314 
382 -7.99263 1.10171e-314 
383 -7.99257 1.1017e-314 
384 -7.99252 1.10169e-314 
385 -7.99266 1.08092e-314 
386 -7.99266 1.08092e-314 
387 -7.99266 1.08092e-314 
388 -7.99266 1.08092e-314 
389 -7.99266 1.08092e-314 
390 -7.99266 1.08092e-314 
391 -7.99266 1.08092e-314 
392 -7.99266 1.08092e-314 
393 -7.99266 1.08092e-314 
394 -7.99266 1.08092e-314 
395 -7.99266 1.08092e-314 
396 -7.99266 1.08092e-314 
397 -7.99266 1.08092e-314 
398 -7.99266 1.08092e-314 
399 -7.99266 1.08092e-314 
400 -7.99261 1.08093e-314 
401 -7.99256 1.08092e-314 
402 -7.99251 1.08092e-314 
403 -7.99246 1.08091e-314 
404 -7.99241 1.0809e-314 
405 -7.99255 1.06091e-314 
406 -7.99255 1.06091e-314 
407 -7.99255 1.06091e-314 
408 -7.9925 1.0609e-314 
409 -7.99245 1.06089e-314 
410 -7.9924 1.06089e-314 
411 -7.99235 1.06088e-314 
412 -7.9923 1.06087e-314 
413 -7.99244 1.0416e-314 
414 -7.99244 1.0416e-314 
415 -7.9924 1.04161e-314 
416 -7.99235 1.04162e-314 
417 -7.9923 1.04162e-314 
418 -7.99225 1.04163e-314 
419 -7.9922 1.04164e-314 
420 -7.99215 1.04164e-314 
421 -7.9921 1.04164e-314 
422 -7.99205 1.04164e-314 
423 -7.99205 1.04164e-314 
424 -7.99201 1.04165e-314 
425 -7.99196 1.04164e-314 
426 -7.99191 1.04164e-314 
427 -7.99186 1.04163e-314 
428 -7.99181 1.04164e-314 
429 -7.99176 1.04163e-314 
430 -7.99171 1.04162e-314 
431 -7.99171 1.04162e-314 
432 -7.99166 1.04163e-314 
433 -7.99162 1.04164e-314 
434 -7.99157 1.04164e-314 
435 -7.99152 1.04165e-314 
436 -7.99147 1.04166e-314 
437 -7.99147 1.04166e-314 
438 -7.99142 1.04165e-314 
439 -7.99137 1.04164e-314 
440 -7.99132 1.04164e-314 
441 -7.99132 1.04164e-314 
442 -7.99128 1.04164e-314 
443 -7.99123 1.04165e-314 
444 -7.99118 1.04166e-314 
445 -7.99113 1.04166e-314 
446 -7.99108 1.04166e-314 
447 -7.99103 1.04166e-314 
448 -7.99098 1.04167e-314 
449 -7.99093 1.04166e-314 
450 -7.99089 1.04166e-314 
451 -7.99084 1.04165e-314 
452 -7.99079 1.04165e-314 
453 -7.99079 1.04165e-314 
454 -7.99074 1.04164e-314 
455 -7.99069 1.04163e-314 
456 -7.99064 1.04163e-314 
457 -7.99064 1.04163e-314 
458 -7.99059 1.04162e-314 
459 -7.99054 1.04161e-314 
460 -7.9905 1.04162e-314 
461 -7.99045 1.04163e-314 
462 -7.9904 1.04162e-314 
463 -7.99035 1.04161e-314 
464 -7.9903 1.04161e-314 
465 -7.99025 1.0416e-314 
466 -7.9902 1.04159e-314 
467 -7.9902 1.04159e-314 
468 -7.99016 1.0416e-314 
469 -7.99011 1.04161e-314 
470 -7.99006 1.04161e-314 
471 -7.99006 1.04161e-314 
472 -7.99001 1.04162e-314 
473 -7.99019 1.06089e-314 
474 -7.99019 1.06089e-314 
475 -7.99019 1.06089e-314 
476 -7.99014 1.06088e-314 
477 -7.99014 1.06088e-314 
478 -7.99009 1.06088e-314 
479 -7.99027 1.07947e-314 
480 -7.99027 1.07947e-314 
481 -7.99043 1.09742e-314 
482 -7.99043 1.09742e-314 
483 -7.99043 1.09742e-314 
484 -7.99039 1.09743e-314 
485 -7.99034 1.09744e-314 
486 -7.99029 1.09743e-314 
487 -7.99025 1.09744e-314 
488 -7.9902 1.09744e-314 
489 -7.9902 1.09744e-314 
490 -7.99016 1.09743e-314 
491 -7.99016 1.09743e-314 
492 -7.99011 1.09744e-314 
493 -7.99006 1.09745e-314 
494 -7.99002 1.09745e-314 
495 -7.99019 1.07887e-314 
496 -7.99019 1.07887e-314 
497 -7.99019 1.07887e-314 
498 -7.99019 1.07887e-314 
499 -7.99019 1.07887e-314 
500 -7.99019 1.07887e-314 
501 -7.99019 1.07887e-314 
502 -7.99019 1.07887e-314 
503 -7.99019 1.07887e-314 
504 -7.99019 1.07887e-314 
505 -7.99019 1.07887e-314 
506 -7.99019 1.07887e-314 
507 -7.99019 1.07887e-314 
508 -7.99019 1.07887e-314 
509 -7.99035 1.09624e-314 
510 -7.99035 1.09624e-314 
511 -7.99031 1.09624e-314 
512 -7.99026 1.09624e-314 
513 -7.99022 1.09623e-314 
514 -7.99017 1.09623e-314 
515 -7.99013 1.09622e-314 
516 -7.99008 1.09623e-314 
517 -7.99004 1.09622e-314 
518 -7.98999 1.09621e-314 
519 -7.98999 1.09621e-314 
520 -7.98995 1.09621e-314 
521 -7.9899 1.0962e-314 
522 -7.98986 1.0962e-314 
523 -7.98981 1.09619e-314 
524 -7.98977 1.09618e-314 
525 -7.98973 1.09618e-314 
526 -7.98968 1.09618e-314 
527 -7.98985 1.11298e-314 
528 -7.98985 1.11298e-314 
529 -7.98985 1.11298e-314 
530 -7.98985 1.11298e-314 
531 -7.98985 1.11298e-314 
532 -7.98985 1.11298e-314 
533 -7.98985 1.11298e-314 
534 -7.98981 1.11298e-314 
535 -7.98997 1.09505e-314 
536 -7.98997 1.09505e-314 
537 -7.98997 1.09505e-314 
538 -7.98997 1.09505e-314 
539 -7.98997 1.09505e-314 
540 -7.98997 1.09505e-314 
541 -7.98997 1.09505e-314 
542 -7.98997 1.09505e-314 
543 -7.98997 1.09505e-314 
544 -7.98997 1.09505e-314 
545 -7.99013 1.07769e-314 
546 -7.99013 1.07769e-314 
547 -7.99013 1.07769e-314 
548 -7.99013 1.07769e-314 
549 -7.99013 1.07769e-314 
550 -7.99009 1.07769e-314 
551 -7.99004 1.07768e-314 
552 -7.99 1.07768e-314 
553 -7.99016 1.06086e-314 
554 -7.99016 1.06086e-314 
555 -7.99016 1.06086e-314 
556 -7.99012 1.06086e-314 
557 -7.99007 1.06087e-314 
558 -7.99003 1.06088e-314 
559 -7.99003 1.06088e-314 
560 -7.98999 1.06087e-314 
561 -7.98995 1.06086e-314 
562 -7.98991 1.06086e-314 
563 -7.98986 1.06085e-314 
564 -7.98982 1.06085e-314 
565 -7.98982 1.06085e-314 
566 -7.98978 1.06085e-314 
567 -7.98974 1.06085e-314 
568 -7.9897 1.06084e-314 
569 -7.98966 1.06084e-314 
570 -7.98961 1.06084e-314 
571 -7.98957 1.06085e-314 
572 -7.98953 1.06085e-314 
573 -7.98949 1.06086e-314 
574 -7.98945 1.06085e-314 
575 -7.98945 1.06085e-314 
576 -7.9894 1.06085e-314 
577 -7.98936 1.06085e-314 
578 -7.98932 1.06086e-314 
579 -7.98928 1.06086e-314 
580 -7.98924 1.06087e-314 
581 -7.9892 1.06088e-314 
582 -7.98915 1.06087e-314 
583 -7.98911 1.06088e-314 
584 -7.98907 1.06088e-314 
585 -7.98924 1.04458e-314 
586 -7.98924 1.04458e-314 
587 -7.98924 1.04458e-314 
588 -7.98924 1.04458e-314 
589 -7.98924 1.04458e-314 
590 -7.9892 1.04458e-314 
591 -7.98916 1.04457e-314 
592 -7.98911 1.04457e-314 
593 -7.98907 1.04456e-314 
594 -7.98903 1.04456e-314 
595 -7.98899 1.04455e-314 
596 -7.98895 1.04454e-314 
597 -7.98891 1.04454e-314 
598 -7.98887 1.04453e-314 
599 -7.98904 1.02873e-314 
600 -7.98904 1.02873e-314 
601 -7.98904 1.02873e-314 
602 -7.98904 1.02873e-314 
603 -7.98904 1.02873e-314 
604 -7.98904 1.02873e-314 
605 -7.98904 1.02873e-314 
606 -7.98904 1.02873e-314 
607 -7.98904 1.02873e-314 
608 -7.98904 1.02873e-314 
609 -7.98904 1.02873e-314 
610 -7.98904 1.02873e-314 
611 -7.9892 1.0134e-314 
612 -7.98916 1.01339e-314 
613 -7.98932 9.98508e-315 
614 -7.98928 9.98503e-315 
615 -7.98924 9.98508e-315 
616 -7.9892 9.98514e-315 
617 -7.9892 9.98514e-315 
618 -7.98916 9.98509e-315 
619 -7.98932 9.84057e-315 
620 -7.98932 9.84057e-315 
621 -7.98932 9.84057e-315 
622 -7.98928 9.84062e-315 
623 -7.98924 9.84058e-315 
624 -7.9892 9.84053e-315 
625 -7.98916 9.84058e-315 
626 -7.98912 9.84064e-315 
627 -7.98909 9.8407e-315 
628 -7.98905 9.84065e-315 
629 -7.98901 9.8406e-315 
630 -7.98897 9.84055e-315 
631 -7.98893 9.8405e-315 
632 -7.98889 9.84046e-315 
633 -7.98885 9.84041e-315 
634 -7.98881 9.84036e-315 
635 -7.98878 9.84031e-315 
636 -7.98874 9.84027e-315 
637 -7.98874 9.84027e-315 
638 -7.9887 9.84022e-315 
639 -7.98866 9.84017e-315 
640 -7.98862 9.84012e-315 
641 -7.98878 9.69975e-315 
642 -7.98878 9.69975e-315 
643 -7.98878 9.69975e-315 
644 -7.98878 9.69975e-315 
645 -7.98878 9.69975e-315 
646 -7.98878 9.69975e-315 
647 -7.98894 9.86178e-315 
648 -7.98894 9.86178e-315 
649 -7.98894 9.86178e-315 
650 -7.98894 9.86178e-315 
651 -7.98894 9.86178e-315 
652 -7.98894 9.86178e-315 
653 -7.98909 1.00193e-314 
654 -7.98909 1.00193e-314 
655 -7.98909 1.00193e-314 
656 -7.98906 1.00194e-314 
657 -7.98902 1.00194e-314 
658 -7.98898 1.00195e-314 
659 -7.98894 1.00195e-314 
660 -7.98891 1.00196e-314 
661 -7.98887 1.00195e-314 
662 -7.98883 1.00195e-314 
663 -7.98899 1.01727e-314 
664 -7.98899 1.01727e-314 
665 -7.98913 1.03218e-314 
666 -7.98913 1.03218e-314 
667 -7.98913 1.03218e-314 
668 -7.98913 1.03218e-314 
669 -7.98913 1.03218e-314 
670 -7.98913 1.03218e-314 
671 -7.98913 1.03218e-314 
672 -7.98913 1.03218e-314 
673 -7.98913 1.03218e-314 
674 -7.98913 1.03218e-314 
675 -7.98913 1.03218e-314 
676 -7.98913 1.03218e-314 
677 -7.98928 1.01843e-314 
678 -7.98928 1.01843e-314 
679 -7.98928 1.01843e-314 
680 -7.98928 1.01843e-314 
681 -7.98928 1.01843e-314 
682 -7.98928 1.01843e-314 
683 -7.98928 1.01843e-314 
684 -7.98928 1.01843e-314 
685 -7.98928 1.01843e-314 
686 -7.98928 1.01843e-314 
687 -7.98928 1.01843e-314 
688 -7.98928 1.01843e-314 
689 -7.98928 1.01843e-314 
690 -7.98928 1.01843e-314 
691 -7.98942 1.00505e-314 
692 -7.98939 1.00505e-314 
693 -7.98935 1.00504e-314 
694 -7.98931 1.00504e-314 
695 -7.98931 1.00504e-314 
696 -7.98928 1.00504e-314 
697 -7.98924 1.00504e-314 
698 -7.98921 1.00503e-314 
699 -7.98921 1.00503e-314 
700 -7.98917 1.00503e-314 
701 -7.98917 1.00503e-314 
702 -7.98914 1.00504e-314 
703 -7.9891 1.00504e-314 
704 -7.98907 1.00504e-314 
705 -7.98903 1.00504e-314 
706 -7.989 1.00505e-314 
707 -7.98914 1.01953e-314 
708 -7.98914 1.01953e-314 
709 -7.98914 1.01953e-314 
710 -7.98914 1.01953e-314 
711 -7.98914 1.01953e-314 
712 -7.98914 1.01953e-314 
713 -7.98914 1.01953e-314 
714 -7.98914 1.01953e-314 
715 -7.98914 1.01953e-314 
716 -7.98914 1.01953e-314 
717 -7.98928 1.03365e-314 
718 -7.98928 1.03365e-314 
719 -7.98941 1.04741e-314 
720 -7.98941 1.04741e-314 
721 -7.98941 1.04741e-314 
722 -7.98941 1.04741e-314 
723 -7.98941 1.04741e-314 
724 -7.98941 1.04741e-314 
725 -7.98941 1.04741e-314 
726 -7.98941 1.04741e-314 
727 -7.98955 1.03433e-314 
728 -7.98951 1.03433e-314 
729 -7.98964 1.02157e-314 
730 -7.98964 1.02157e-314 
731 -7.98964 1.02157e-314 
732 -7.98964 1.02157e-314 
733 -7.98977 1.00913e-314 
734 -7.98977 1.00913e-314 
735 -7.98977 1.00913e-314 
736 -7.98977 1.00913e-314 
737 -7.98977 1.00913e-314 
738 -7.98977 1.00913e-314 
739 -7.98977 1.00913e-314 
740 -7.98977 1.00913e-314 
741 -7.98977 1.00913e-314 
742 -7.98977 1.00913e-314 
743 -7.98977 1.00913e-314 
744 -7.98974 1.00913e-314 
745 -7.9897 1.00914e-314 
746 -7.98967 1.00914e-314 
747 -7.98964 1.00915e-314 
748 -7.98961 1.00915e-314 
749 -7.98957 1.00916e-314 
750 -7.98954 1.00915e-314 
751 -7.98951 1.00916e-314 
752 -7.98948 1.00916e-314 
753 -7.9896 1.02255e-314 
754 -7.9896 1.02255e-314 
755 -7.9896 1.02255e-314 
756 -7.98957 1.02256e-314 
757 -7.98957 1.02256e-314 
758 -7.98954 1.02256e-314 
759 -7.98954 1.02256e-314 
760 -7.98951 1.02257e-314 
761 -7.98963 1.03564e-314 
762 -7.98963 1.03564e-314 
763 -7.98963 1.03564e-314 
764 -7.98963 1.03564e-314 
765 -7.98963 1.03564e-314 
766 -7.9896 1.03563e-314 
767 -7.98957 1.03563e-314 
768 -7.98953 1.03563e-314 
769 -7.98953 1.03563e-314 
770 -7.9895 1.03562e-314 
771 -7.98963 1.02345e-314 
772 -7.98963 1.02345e-314 
773 -7.98963 1.02345e-314 
774 -7.98963 1.02345e-314 
775 -7.98963 1.02345e-314 
776 -7.98963 1.02345e-314 
777 -7.98963 1.02345e-314 
778 -7.98963 1.02345e-314 
779 -7.98963 1.02345e-314 
780 -7.98963 1.02345e-314 
781 -7.98975 1.01157e-314 
782 -7.98975 1.01157e-314 
783 -7.98975 1.01157e-314 
784 -7.98975 1.01157e-314 
785 -7.98975 1.01157e-314 
786 -7.98975 1.01157e-314 
787 -7.98975 1.01157e-314 
788 -7.98975 1.01157e-314 
789 -7.98975 1.01157e-314 
790 -7.98972 1.01156e-314 
791 -7.98983 9.99951e-315 
792 -7.98983 9.99951e-315 
793 -7.98995 9.88603e-315 
794 -7.98995 9.88603e-315 
795 -7.98995 9.88603e-315 
796 -7.98995 9.88603e-315 
797 -7.99006 1.00132e-314 
798 -7.99006 1.00132e-314 
799 -7.99006 1.00132e-314 
800 -7.99006 1.00132e-314 
801 -7.99017 1.01376e-314 
802 -7.99017 1.01376e-314 
803 -7.99017 1.01376e-314 
804 -7.99017 1.01376e-314 
805 -7.99017 1.01376e-314 
806 -7.99017 1.01376e-314 
807 -7.99017 1.01376e-314 
808 -7.99014 1.01376e-314 
809 -7.99011 1.01377e-314 
810 -7.99008 1.01377e-314 
811 -7.99005 1.01377e-314 
812 -7.99002 1.01378e-314 
813 -7.99002 1.01378e-314 
814 -7.98999 1.01378e-314 
815 -7.98999 1.01378e-314 
816 -7.98996 1.01378e-314 
817 -7.98993 1.01378e-314 
818 -7.9899 1.01378e-314 
819 -7.98987 1.01378e-314 
820 -7.98984 1.01378e-314 
821 -7.98996 1.00265e-314 
822 -7.98996 1.00265e-314 
823 -7.99007 9.91769e-315 
824 -7.99007 9.91769e-315 
825 -7.99007 9.91769e-315 
826 -7.99007 9.91769e-315 
827 -7.99007 9.91769e-315 
828 -7.99007 9.91769e-315 
829 -7.99017 9.81117e-315 
830 -7.99017 9.81117e-315 
831 -7.99028 9.70693e-315 
832 -7.99028 9.70693e-315 
833 -7.99038 9.60487e-315 
834 -7.99038 9.60487e-315 
835 -7.99038 9.60487e-315 
836 -7.99035 9.60491e-315 
837 -7.99035 9.60491e-315 
838 -7.99032 9.60488e-315 
839 -7.99029 9.60485e-315 
840 -7.99027 9.60481e-315 
841 -7.99024 9.60478e-315 
842 -7.99021 9.60482e-315 
843 -7.99021 9.60482e-315 
844 -7.99018 9.60486e-315 
845 -7.99028 9.7257e-315 
846 -7.99028 9.7257e-315 
847 -7.99038 9.84406e-315 
848 -7.99038 9.84406e-315 
849 -7.99038 9.84406e-315 
850 -7.99038 9.84406e-315 
851 -7.99038 9.84406e-315 
852 -7.99038 9.84406e-315 
853 -7.99038 9.84406e-315 
854 -7.99038 9.84406e-315 
855 -7.99048 9.74373e-315 
856 -7.99048 9.74373e-315 
857 -7.99058 9.64542e-315 
858 -7.99058 9.64542e-315 
859 -7.99058 9.64542e-315 
860 -7.99058 9.64542e-315 
861 -7.99067 9.76103e-315 
862 -7.99067 9.76103e-315 
863 -7.99076 9.87436e-315 
864 -7.99076 9.87436e-315 
865 -7.99076 9.87436e-315 
866 -7.99076 9.87436e-315 
867 -7.99076 9.87436e-315 
868 -7.99076 9.87436e-315 
869 -7.99074 9.87439e-315 
870 -7.99071 9.87443e-315 
871 -7.99071 9.87443e-315 
872 -7.99068 9.8744e-315 
873 -7.99078 9.7777e-315 
874 -7.99078 9.7777e-315 
875 -7.99078 9.7777e-315 
876 -7.99078 9.7777e-315 
877 -7.99086 9.68288e-315 
878 -7.99086 9.68288e-315 
879 -7.99084 9.68285e-315 
880 -7.99081 9.68282e-315 
881 -7.99079 9.68286e-315 
882 -7.99076 9.68283e-315 
883 -7.99073 9.68286e-315 
884 -7.99071 9.6829e-315 
885 -7.99068 9.68287e-315 
886 -7.99066 9.68284e-315 
887 -7.99063 9.68281e-315 
888 -7.9906 9.68284e-315 
889 -7.99058 9.68288e-315 
890 -7.99055 9.68285e-315 
891 -7.99053 9.68282e-315 
892 -7.9905 9.68279e-315 
893 -7.99047 9.68275e-315 
894 -7.99045 9.68272e-315 
895 -7.99042 9.68269e-315 
896 -7.9904 9.68273e-315 
897 -7.99037 9.68277e-315 
898 -7.99035 9.6828e-315 
899 -7.99035 9.6828e-315 
900 -7.99032 9.68284e-315 
901 -7.99029 9.68288e-315 
902 -7.99027 9.68292e-315 
903 -7.99036 9.79372e-315 
904 -7.99036 9.79372e-315 
905 -7.99036 9.79372e-315 
906 -7.99036 9.79372e-315 
907 -7.99036 9.79372e-315 
908 -7.99033 9.79368e-315 
909 -7.99031 9.79365e-315 
910 -7.99028 9.79362e-315 
911 -7.99038 9.70046e-315 
912 -7.99038 9.70046e-315 
913 -7.99047 9.60906e-315 
914 -7.99047 9.60906e-315 
915 -7.99047 9.60906e-315 
916 -7.99047 9.60906e-315 
917 -7.99047 9.60906e-315 
918 -7.99047 9.60906e-315 
919 -7.99047 9.60906e-315 
920 -7.99047 9.60906e-315 
921 -7.99047 9.60906e-315 
922 -7.99047 9.60906e-315 
923 -7.99047 9.60906e-315 
924 -7.99047 9.60906e-315 
925 -7.99056 9.51936e-315 
926 -7.99056 9.51936e-315 
927 -7.99056 9.51936e-315 
928 -7.99056 9.51936e-315 
929 -7.99056 9.51936e-315 
930 -7.99056 9.51936e-315 
931 -7.99056 9.51936e-315 
932 -7.99056 9.51936e-315 
933 -7.99064 9.62757e-315 
934 -7.99064 9.62757e-315 
935 -7.99064 9.62757e-315 
936 -7.99064 9.62757e-315 
937 -7.99064 9.62757e-315 
938 -7.99062 9.62754e-315 
939 -7.99059 9.62751e-315 
940 -7.99057 9.62748e-315 
941 -7.99054 9.62745e-315 
942 -7.99052 9.62749e-315 
943 -7.99049 9.62752e-315 
944 -7.99047 9.62756e-315 
945 -7.99044 9.62759e-315 
946 -7.99042 9.62757e-315 
947 -7.99042 9.62757e-315 
948 -7.99039 9.62754e-315 
949 -7.99048 9.53931e-315 
950 -7.99048 9.53931e-315 
951 -7.99048 9.53931e-315 
952 -7.99048 9.53931e-315 
953 -7.99048 9.53931e-315 
954 -7.99048 9.53931e-315 
955 -7.99048 9.53931e-315 
956 -7.99048 9.53931e-315 
957 -7.99048 9.53931e-315 
958 -7.99048 9.53931e-315 
959 -7.99048 9.53931e-315 
960 -7.99048 9.53931e-315 
961 -7.99048 9.53931e-315 
962 -7.99048 9.53931e-315 
963 -7.99046 9.53935e-315 
964 -7.99043 9.53932e-315 
965 -7.99041 9.53936e-315 
966 -7.99038 9.53933e-315 
967 -7.99036 9.53936e-315 
968 -7.99034 9.5394e-315 
969 -7.99031 9.53937e-315 
970 -7.99029 9.53934e-315 
971 -7.99026 9.53931e-315 
972 -7.99024 9.53928e-315 
973 -7.99021 9.53925e-315 
974 -7.99019 9.53922e-315 
975 -7.99016 9.53919e-315 
976 -7.99014 9.53923e-315 
977 -7.99011 9.5392e-315 
978 -7.99009 9.53917e-315 
979 -7.99007 9.53914e-315 
980 -7.99004 9.53918e-315 
981 -7.99004 9.53918e-315 
982 -7.99002 9.53915e-315 
983 -7.99002 9.53915e-315 
984 -7.98999 9.53918e-315 
985 -7.98999 9.53918e-315 
986 -7.98997 9.53922e-315 
987 -7.98994 9.53926e-315 
988 -7.98992 9.53923e-315 
989 -7.98989 9.5392e-315 
990 -7.98987 9.53923e-315 
991 -7.98987 9.53923e-315 
992 -7.98984 9.5392e-315 
993 -7.98994 9.45259e-315 
994 -7.98994 9.45259e-315 
995 -7.98994 9.45259e-315 
996 -7.98994 9.45259e-315 
997 -7.98994 9.45259e-315 
998 -7.98994 9.45259e-315 
999 -7.98994 9.45259e-315 
