2.0e30
{0,0,0,0,0,0}
3.3e23
{4.82, -7.13, -1.025, -0.3294, -0.29288, 0.005618}
4.9e24
{0.37, 7.34, 0.079, 0.7244, -0.03279, -0.042427}
6.0e24
{-1.3497, 6.1340, 0.00042945, 0.980205, 0.205756, -0.0000874989}
6.6e23
{1.318, 5.420, 0.081, 1.3490045, -0.29756, -0.03956}
1.9e27
{2.342, -1.264, -0.04712, -2.71845, -4.6282558, 0.0800034}
5.5e26
{1.901, 0.296, -0.0807, 1.497, -9.9435, 0.1133}
8.8e25
{-0.73, 1.175, 0.0139, 17.196, 0.9965, -0.1858}
1.03e26
{0.289, 1.11, -0.0297, 28.91, -7.753, -0.5067}
1.31e22
{1.0975, 0.1535, -0.331, 11.614, -31.58, 0.01979}
theend
