0.945378 0.326297 -0.000278872
-2.67147 -4.6533 0.0790569
0.895249 0.441295 -0.000861448
-2.62422 -4.67787 0.0781024
0.830532 0.548903 -0.00181862
-2.5767 -4.70196 0.0771398
0.752157 0.647351 -0.00312914
-2.52892 -4.72556 0.0761694
0.661268 0.734971 -0.00476718
-2.48088 -4.74869 0.0751911
0.559214 0.810219 -0.00670249
-2.43258 -4.77132 0.0742052
0.447548 0.871698 -0.00890055
-2.38403 -4.79347 0.0732116
0.328012 0.918192 -0.0113229
-2.33524 -4.81512 0.0722104
0.202527 0.948691 -0.0139274
-2.28621 -4.83628 0.0712019
0.073172 0.962429 -0.0166691
-2.23694 -4.85693 0.0701859
-0.0578418 0.958916 -0.0195007
-2.18744 -4.87709 0.0691628
-0.188211 0.937974 -0.0223737
-2.13771 -4.89674 0.0681325
-0.315585 0.899762 -0.0252401
-2.08776 -4.91589 0.0670951
-0.43763 0.844803 -0.0280532
-2.0376 -4.93452 0.0660508
-0.55209 0.773987 -0.0307701
-1.98722 -4.95264 0.0649996
-0.656871 0.688568 -0.0333534
-1.93664 -4.97025 0.0639417
-0.750109 0.590133 -0.0357729
-1.88586 -4.98735 0.0628771
-0.830244 0.480558 -0.0380079
-1.83488 -5.00392 0.0618059
-0.896078 0.361936 -0.0400478
-1.78371 -5.01997 0.0607284
-0.946814 0.236498 -0.0418939
-1.73235 -5.0355 0.0596444
-0.98207 0.106521 -0.043559
-1.68082 -5.0505 0.0585543
-1.00187 -0.0257603 -0.045067
-1.6291 -5.06497 0.057458
-1.00661 -0.158236 -0.0464525
-1.57722 -5.07891 0.0563557
-0.996999 -0.288989 -0.0477583
-1.52517 -5.09231 0.0552474
-0.974018 -0.416339 -0.0490346
-1.47296 -5.10519 0.0541334
-0.938822 -0.538872 -0.0503361
-1.42059 -5.11752 0.0530136
-0.892687 -0.655448 -0.0517204
-1.36807 -5.12932 0.0518883
-0.83695 -0.76519 -0.053246
-1.31541 -5.14057 0.0507575
-0.77295 -0.867466 -0.0549707
-1.26262 -5.15128 0.0496213
-0.701996 -0.961859 -0.0569499
-1.20968 -5.16145 0.0484799
-0.625329 -1.04814 -0.0592358
-1.15662 -5.17106 0.0473333
-0.54411 -1.12622 -0.0618761
-1.10344 -5.18013 0.0461817
-0.459402 -1.19615 -0.0649135
-1.05014 -5.18865 0.0450252
-0.372171 -1.25807 -0.0683853
-0.996727 -5.19662 0.0438639
-0.283283 -1.31217 -0.072323
-0.943208 -5.20403 0.0426979
-0.193509 -1.3587 -0.076752
-0.889589 -5.21089 0.0415274
-0.103528 -1.39795 -0.081692
-0.835875 -5.21719 0.0403524
-0.0139425 -1.43022 -0.0871564
-0.782071 -5.22294 0.0391731
0.0747229 -1.45582 -0.0931534
-0.728183 -5.22812 0.0379896
0.162007 -1.47504 -0.0996854
-0.674218 -5.23274 0.036802
0.247507 -1.4882 -0.106749
-0.620179 -5.2368 0.0356104
0.330868 -1.49557 -0.114338
-0.566074 -5.24029 0.034415
0.411781 -1.49743 -0.122438
-0.511908 -5.24322 0.0332159
0.489969 -1.49405 -0.131032
-0.457687 -5.24558 0.0320132
0.56519 -1.48565 -0.140099
-0.403416 -5.24738 0.0308071
0.637223 -1.47247 -0.149614
-0.349101 -5.24861 0.0295976
0.70587 -1.45472 -0.159547
-0.294749 -5.24927 0.0283848
0.770948 -1.43258 -0.169864
-0.240364 -5.24935 0.027169
0.832284 -1.40623 -0.180528
-0.185954 -5.24887 0.0259503
0.889716 -1.37583 -0.191496
-0.131523 -5.24782 0.0247287
0.943085 -1.34152 -0.202723
-0.0770777 -5.24619 0.0235044
0.992235 -1.30344 -0.214159
-0.0226241 -5.24399 0.0222775
1.03701 -1.26169 -0.225746
0.031832 -5.24121 0.0210482
1.07724 -1.21638 -0.237426
0.0862846 -5.23786 0.0198166
1.11275 -1.1676 -0.249129
0.140728 -5.23393 0.0185828
1.14337 -1.11543 -0.260781
0.195155 -5.22943 0.017347
1.16889 -1.05995 -0.272299
0.249562 -5.22435 0.0161092
1.18908 -1.00121 -0.283589
0.30394 -5.2187 0.0148696
1.20372 -0.939262 -0.294548
0.358285 -5.21246 0.0136285
1.2125 -0.874159 -0.305054
0.41259 -5.20566 0.0123858
1.21512 -0.805937 -0.314971
0.46685 -5.19827 0.0111417
1.21121 -0.734633 -0.324139
0.521058 -5.19031 0.00989637
1.20032 -0.660283 -0.33237
0.575207 -5.18177 0.00864995
1.18194 -0.582927 -0.339439
0.629293 -5.17265 0.00740257
1.15544 -0.50262 -0.345075
0.683308 -5.16295 0.00615436
1.12007 -0.419436 -0.348939
0.737247 -5.15268 0.00490546
1.07486 -0.333494 -0.350605
0.791104 -5.14183 0.003656
1.01862 -0.244992 -0.349519
0.844872 -5.1304 0.00240614
0.949778 -0.154262 -0.344936
0.898544 -5.1184 0.001156
0.866216 -0.0618964 -0.335821
0.952116 -5.10582 -9.42729e-005
0.765017 0.031013 -0.320657
1.00558 -5.09267 -0.00134453
0.641954 0.122315 -0.297083
1.05893 -5.07894 -0.00259465
0.490654 0.207369 -0.261115
1.11216 -5.06463 -0.00384446
0.30138 0.274718 -0.205339
1.16527 -5.04976 -0.00509385
0.063365 0.290644 -0.115073
1.21824 -5.03431 -0.00634266
-0.184663 0.163726 0.0225105
1.27108 -5.01829 -0.00759075
-0.280595 -0.102577 0.142116
1.32376 -5.00169 -0.00883798
-0.249876 -0.344135 0.203236
1.3763 -4.98453 -0.0100842
-0.177416 -0.535487 0.231566
1.42869 -4.9668 -0.0113293
-0.0920026 -0.689797 0.242463
1.4809 -4.9485 -0.0125731
-0.00327927 -0.817309 0.242813
1.53295 -4.92963 -0.0138154
0.0849062 -0.924596 0.236086
1.58482 -4.91019 -0.0150561
0.17081 -1.016 0.224236
1.63652 -4.8902 -0.0162952
0.253573 -1.09451 0.20846
1.68802 -4.86963 -0.0175323
0.332751 -1.16232 0.189542
1.73932 -4.84851 -0.0187675
0.40811 -1.22104 0.168016
1.79043 -4.82683 -0.0200004
0.479526 -1.27193 0.144267
1.84133 -4.80459 -0.0212311
0.546936 -1.31599 0.118576
1.89202 -4.78179 -0.0224593
0.61031 -1.35401 0.0911572
1.94248 -4.75843 -0.0236849
0.669638 -1.38666 0.0621771
1.99272 -4.73453 -0.0249077
0.724921 -1.41447 0.0317699
2.04273 -4.71007 -0.0261277
0.776164 -1.43791 4.60487e-005
2.0925 -4.68506 -0.0273446
0.823376 -1.45736 -0.0329008
2.14202 -4.6595 -0.0285583
0.866566 -1.47316 -0.0669885
2.1913 -4.6334 -0.0297687
0.905744 -1.48558 -0.102143
2.24031 -4.60676 -0.0309755
0.94092 -1.49486 -0.138294
2.28907 -4.57957 -0.0321788
0.972101 -1.50123 -0.175374
2.33755 -4.55184 -0.0333783
0.999297 -1.50484 -0.213319
2.38576 -4.52358 -0.0345738
1.02252 -1.50586 -0.252058
2.43369 -4.49479 -0.0357653
1.04176 -1.50442 -0.291523
2.48133 -4.46546 -0.0369525
1.05705 -1.50061 -0.33164
2.52868 -4.4356 -0.0381353
1.06839 -1.49453 -0.37233
2.57572 -4.40522 -0.0393137
1.07578 -1.48625 -0.413509
2.62246 -4.37432 -0.0404874
1.07923 -1.47582 -0.455085
2.66889 -4.34289 -0.0416562
1.07877 -1.46328 -0.49696
2.715 -4.31095 -0.0428201
1.0744 -1.44865 -0.539027
2.76078 -4.27849 -0.0439789
1.06613 -1.43194 -0.581169
2.80624 -4.24552 -0.0451325
1.05398 -1.41315 -0.623259
2.85136 -4.21204 -0.0462806
1.03797 -1.39226 -0.665158
2.89613 -4.17806 -0.0474232
1.01812 -1.36925 -0.706717
2.94056 -4.14357 -0.0485601
0.994442 -1.34407 -0.747772
2.98464 -4.10858 -0.0496911
0.966972 -1.31667 -0.788144
3.02835 -4.0731 -0.0508162
0.935733 -1.287 -0.82764
3.0717 -4.03713 -0.0519351
0.900754 -1.25499 -0.866048
3.11468 -4.00067 -0.0530477
0.862069 -1.22055 -0.903137
3.15728 -3.96373 -0.054154
0.819718 -1.1836 -0.938655
3.1995 -3.9263 -0.0552536
0.773743 -1.14405 -0.972325
3.24133 -3.8884 -0.0563466
0.724195 -1.10178 -1.00384
3.28276 -3.85002 -0.0574327
0.671135 -1.05669 -1.03288
3.32379 -3.81117 -0.0585118
0.614634 -1.00866 -1.05905
3.36442 -3.77186 -0.0595837
0.554777 -0.95756 -1.08196
3.40464 -3.73209 -0.0606484
0.491669 -0.903275 -1.10115
3.44444 -3.69186 -0.0617057
0.42544 -0.845673 -1.1161
3.48382 -3.65118 -0.0627553
0.356253 -0.78463 -1.12624
3.52276 -3.61005 -0.0637973
0.284315 -0.720027 -1.13093
3.56128 -3.56848 -0.0648315
0.209888 -0.65176 -1.12941
3.59936 -3.52646 -0.0658576
0.133313 -0.579747 -1.12087
3.63699 -3.48401 -0.0668756
0.0550306 -0.503945 -1.10433
3.67417 -3.44113 -0.0678854
-0.0243785 -0.424375 -1.07873
3.7109 -3.39783 -0.0688867
-0.10415 -0.341146 -1.04281
3.74717 -3.3541 -0.0698796
-0.183269 -0.254514 -0.995178
3.78298 -3.30996 -0.0708637
-0.260381 -0.16495 -0.934283
3.81831 -3.2654 -0.0718391
-0.333682 -0.0732445 -0.858447
3.85317 -3.22044 -0.0728055
-0.400775 0.0193367 -0.765972
3.88755 -3.17508 -0.0737628
-0.458524 0.110853 -0.655351
3.92144 -3.12932 -0.074711
-0.502951 0.19845 -0.525676
3.95484 -3.08317 -0.0756497
-0.529311 0.278155 -0.377314
3.98775 -3.03663 -0.0765791
-0.532558 0.344901 -0.212837
4.02016 -2.98972 -0.0774988
-0.508416 0.393057 -0.037902
4.05206 -2.94242 -0.0784088
-0.454974 0.417675 0.138641
4.08345 -2.89476 -0.0793089
-0.374003 0.416104 0.30615
4.11433 -2.84674 -0.0801991
-0.270928 0.388972 0.454822
4.14469 -2.79835 -0.0810791
-0.153259 0.339798 0.577998
4.17453 -2.74961 -0.081949
-0.028553 0.273611 0.672856
4.20384 -2.70053 -0.0828084
0.0969259 0.195563 0.739652
4.23262 -2.6511 -0.0836574
0.218617 0.110121 0.780463
4.26086 -2.60134 -0.0844958
0.333481 0.0208123 0.798146
4.28857 -2.55124 -0.0853235
0.439629 -0.0697137 0.795706
4.31572 -2.50083 -0.0861403
0.53597 -0.159523 0.77597
4.34233 -2.45009 -0.0869462
0.621933 -0.247217 0.741471
4.36838 -2.39904 -0.087741
0.697283 -0.331793 0.694423
4.39388 -2.34769 -0.0885247
0.761995 -0.412525 0.636746
4.41882 -2.29604 -0.089297
0.816175 -0.488889 0.570103
4.44319 -2.24409 -0.0900579
0.860014 -0.560502 0.495948
4.467 -2.19186 -0.0908073
0.893754 -0.627086 0.41556
4.49023 -2.13934 -0.0915451
0.917675 -0.688431 0.330077
4.51288 -2.08655 -0.0922711
0.932082 -0.744386 0.240526
4.53496 -2.0335 -0.0929853
0.937306 -0.794835 0.147845
4.55645 -1.98018 -0.0936875
0.933696 -0.8397 0.0528975
4.57736 -1.92661 -0.0943777
0.921627 -0.878923 -0.043511
4.59767 -1.87278 -0.0950557
0.901491 -0.912475 -0.140625
4.6174 -1.81872 -0.0957215
0.873706 -0.940348 -0.237735
4.63652 -1.76442 -0.0963749
0.838711 -0.962558 -0.33417
4.65505 -1.7099 -0.0970158
0.796967 -0.979145 -0.429301
4.67298 -1.65515 -0.0976442
0.748955 -0.990176 -0.522539
4.6903 -1.60019 -0.09826
0.695172 -0.995744 -0.613336
4.70701 -1.54502 -0.098863
0.63613 -0.99597 -0.701192
4.72311 -1.48965 -0.0994532
0.57235 -0.991004 -0.785652
4.7386 -1.43409 -0.10003
0.50436 -0.981022 -0.86631
4.75347 -1.37834 -0.100595
0.432684 -0.966226 -0.942813
4.76772 -1.32241 -0.101146
0.357845 -0.946841 -1.01486
4.78135 -1.26631 -0.101684
0.280354 -0.923111 -1.0822
4.79436 -1.21004 -0.102209
0.200708 -0.895299 -1.14463
4.80674 -1.15362 -0.10272
0.119386 -0.86368 -1.20202
4.81849 -1.09704 -0.103218
0.0368428 -0.828539 -1.25425
4.82962 -1.04032 -0.103702
-0.0464899 -0.790166 -1.30128
4.84011 -0.983469 -0.104173
-0.130209 -0.748853 -1.34309
4.84997 -0.926485 -0.104631
-0.21394 -0.704892 -1.3797
4.85919 -0.86938 -0.105074
-0.297339 -0.658568 -1.41116
4.86777 -0.812161 -0.105504
-0.380089 -0.610162 -1.43756
4.87572 -0.754836 -0.10592
-0.461907 -0.559944 -1.45901
4.88302 -0.697411 -0.106322
-0.542534 -0.508176 -1.47563
4.88968 -0.639894 -0.10671
-0.621743 -0.455105 -1.48756
4.8957 -0.582294 -0.107084
-0.699328 -0.400968 -1.49496
4.90108 -0.524616 -0.107444
-0.775112 -0.345989 -1.49799
4.90581 -0.46687 -0.107789
-0.848938 -0.290376 -1.49682
4.90989 -0.409062 -0.108121
-0.920671 -0.234326 -1.49164
4.91332 -0.3512 -0.108438
-0.990193 -0.178024 -1.48261
4.91611 -0.293291 -0.108741
-1.05741 -0.12164 -1.46993
4.91824 -0.235344 -0.10903
-1.12223 -0.0653322 -1.45375
4.91973 -0.177366 -0.109304
-1.18458 -0.00924917 -1.43427
4.92056 -0.119364 -0.109564
-1.24442 0.0464731 -1.41166
4.92075 -0.0613467 -0.109809
-1.30169 0.101708 -1.38608
4.92028 -0.00332105 -0.11004
-1.35635 0.15634 -1.3577
4.91916 0.054705 -0.110256
-1.40838 0.21026 -1.32668
4.91739 0.112724 -0.110457
-1.45776 0.263369 -1.29319
4.91497 0.170728 -0.110644
-1.50447 0.315575 -1.25736
4.91189 0.228709 -0.110816
-1.54849 0.366792 -1.21935
4.90816 0.28666 -0.110974
-1.58983 0.41694 -1.1793
4.90379 0.344572 -0.111116
-1.62849 0.465948 -1.13735
4.89876 0.402439 -0.111244
-1.66446 0.513746 -1.09363
4.89307 0.460253 -0.111357
-1.69775 0.560271 -1.04826
4.88674 0.518005 -0.111456
-1.72837 0.605463 -1.00137
4.87976 0.575689 -0.111539
-1.75632 0.649266 -0.95308
4.87213 0.633296 -0.111608
-1.78163 0.691628 -0.903503
4.86385 0.690818 -0.111662
-1.80428 0.7325 -0.85275
4.85493 0.748249 -0.111701
-1.82431 0.771833 -0.800929
4.84535 0.80558 -0.111725
-1.84172 0.809583 -0.748145
4.83514 0.862804 -0.111734
-1.85652 0.845708 -0.694499
4.82428 0.919913 -0.111729
-1.86872 0.880164 -0.640091
4.81277 0.976899 -0.111708
-1.87834 0.912912 -0.585017
4.80063 1.03376 -0.111673
-1.88538 0.943913 -0.529372
4.78784 1.09047 -0.111623
-1.88987 0.973127 -0.473249
4.77442 1.14705 -0.111558
-1.8918 1.00052 -0.416739
4.76036 1.20347 -0.111478
-1.89118 1.02605 -0.359931
4.74567 1.25973 -0.111383
-1.88803 1.04967 -0.302915
4.73034 1.31582 -0.111273
-1.88235 1.07136 -0.245781
4.71438 1.37174 -0.111149
-1.87414 1.09107 -0.188615
4.6978 1.42747 -0.111009
-1.86341 1.10877 -0.131507
4.68059 1.48301 -0.110855
-1.85016 1.1244 -0.0745462
4.66275 1.53836 -0.110686
-1.83438 1.13794 -0.0178215
4.64429 1.5935 -0.110503
-1.81608 1.14934 0.0385754
4.62522 1.64843 -0.110304
-1.79526 1.15855 0.0945516
4.60552 1.70314 -0.110091
-1.77189 1.16552 0.150012
4.58522 1.75762 -0.109863
-1.74599 1.17022 0.204858
4.5643 1.81186 -0.109621
-1.71753 1.17257 0.258988
4.54277 1.86587 -0.109364
-1.68649 1.17254 0.312297
4.52064 1.91963 -0.109092
-1.65287 1.17007 0.364673
4.49791 1.97313 -0.108806
-1.61665 1.16508 0.416
4.47458 2.02637 -0.108506
-1.57778 1.15752 0.466154
4.45065 2.07934 -0.108191
-1.53626 1.14732 0.515003
4.42613 2.13203 -0.107861
-1.49204 1.13439 0.562405
4.40102 2.18444 -0.107517
-1.4451 1.11865 0.608208
4.37533 2.23656 -0.107159
-1.39538 1.10003 0.652244
4.34905 2.28838 -0.106787
-1.34283 1.07841 0.694331
4.32219 2.33989 -0.1064
-1.28742 1.05369 0.734266
4.29477 2.3911 -0.106
-1.22906 1.02576 0.771826
4.26677 2.44199 -0.105585
-1.16771 0.994493 0.806756
4.2382 2.49255 -0.105156
-1.10327 0.959739 0.838771
4.20907 2.54278 -0.104713
-1.03567 0.921346 0.867542
4.17938 2.59268 -0.104257
-0.964817 0.879138 0.892691
4.14914 2.64223 -0.103786
-0.890605 0.832923 0.913771
4.11835 2.69143 -0.103302
-0.812925 0.78248 0.930258
4.08701 2.74027 -0.102804
-0.731658 0.727565 0.941516
4.05513 2.78875 -0.102293
-0.646683 0.6679 0.946773
4.02271 2.83686 -0.101768
-0.557882 0.603174 0.945066
3.98976 2.8846 -0.101229
-0.465154 0.533038 0.935173
3.95629 2.93196 -0.100677
-0.368448 0.457112 0.91551
3.92229 2.97892 -0.100112
-0.267818 0.374996 0.883964
3.88777 3.0255 -0.0995336
-0.163551 0.286319 0.837635
3.85274 3.07167 -0.098942
-0.056435 0.190876 0.772415
3.8172 3.11744 -0.0983373
0.0516245 0.0889882 0.682305
3.78116 3.1628 -0.0977198
0.156103 -0.0174842 0.55846
3.74462 3.20774 -0.0970893
0.246226 -0.1223 0.388779
3.70759 3.25226 -0.096446
0.29821 -0.208232 0.163768
3.67007 3.29635 -0.0957901
0.278248 -0.244263 -0.0974178
3.63206 3.34001 -0.0951216
0.183946 -0.216562 -0.335306
3.59358 3.38323 -0.0944406
0.0531107 -0.148591 -0.51531
3.55463 3.42601 -0.0937472
-0.0852384 -0.0650216 -0.644182
3.51521 3.46833 -0.0930415
-0.219922 0.0222032 -0.736706
3.47533 3.5102 -0.0923236
-0.347736 0.108304 -0.803914
3.435 3.55161 -0.0915936
-0.468185 0.191443 -0.853016
3.39422 3.59256 -0.0908516
-0.581623 0.270965 -0.888738
3.35299 3.63304 -0.0900978
-0.688635 0.346707 -0.914274
3.31132 3.67304 -0.0893322
-0.789827 0.418715 -0.93186
3.26923 3.71257 -0.0885549
-0.885755 0.487119 -0.943115
3.2267 3.7516 -0.0877661
-0.976915 0.552082 -0.949239
3.18376 3.79016 -0.0869658
-1.06374 0.613773 -0.951152
3.1404 3.82821 -0.0861543
-1.1466 0.672355 -0.949567
3.09663 3.86577 -0.0853315
-1.22581 0.727983 -0.945051
3.05246 3.90283 -0.0844977
-1.30168 0.780797 -0.938061
3.0079 3.93938 -0.0836529
-1.37443 0.830928 -0.928971
2.96294 3.97542 -0.0827972
-1.4443 0.878494 -0.918089
2.91761 4.01095 -0.0819308
-1.51147 0.923602 -0.905676
2.87189 4.04595 -0.0810539
-1.57611 0.966351 -0.89195
2.8258 4.08044 -0.0801664
-1.63837 1.00683 -0.877098
2.77935 4.11439 -0.0792687
-1.6984 1.04512 -0.861281
2.73254 4.14782 -0.0783606
-1.75631 1.0813 -0.844637
2.68538 4.18071 -0.0774425
-1.81222 1.11544 -0.827288
2.63787 4.21307 -0.0765145
-1.86622 1.14759 -0.809342
2.59002 4.24488 -0.0755766
-1.91841 1.17782 -0.790892
2.54184 4.27615 -0.074629
-1.96887 1.20618 -0.772021
2.49334 4.30687 -0.0736718
-2.01767 1.23272 -0.752805
2.44451 4.33703 -0.0727052
-2.06489 1.25749 -0.73331
2.39537 4.36665 -0.0717293
-2.11059 1.28052 -0.713597
2.34593 4.3957 -0.0707443
-2.15482 1.30187 -0.693719
2.29619 4.4242 -0.0697502
-2.19764 1.32155 -0.673727
2.24615 4.45213 -0.0687472
-2.2391 1.33962 -0.653665
2.19583 4.47949 -0.0677355
-2.27924 1.3561 -0.633575
2.14523 4.50628 -0.0667151
-2.31812 1.37101 -0.613494
2.09436 4.5325 -0.0656863
-2.35576 1.3844 -0.593458
2.04322 4.55815 -0.0646492
-2.3922 1.39628 -0.573497
1.99182 4.58322 -0.0636038
-2.42748 1.40668 -0.553643
1.94017 4.60771 -0.0625505
-2.46163 1.41562 -0.533921
1.88827 4.63162 -0.0614892
-2.49467 1.42313 -0.514359
1.83614 4.65494 -0.0604201
-2.52664 1.42922 -0.49498
1.78378 4.67768 -0.0593435
-2.55756 1.43392 -0.475807
1.73119 4.69982 -0.0582594
-2.58745 1.43724 -0.456859
1.67838 4.72138 -0.057168
-2.61633 1.4392 -0.438158
1.62536 4.74235 -0.0560694
-2.64423 1.43981 -0.419722
1.57214 4.76272 -0.0549637
-2.67116 1.4391 -0.401567
1.51873 4.78249 -0.0538512
-2.69714 1.43708 -0.383711
1.46512 4.80167 -0.052732
-2.72218 1.43376 -0.36617
1.41133 4.82025 -0.0516062
-2.7463 1.42915 -0.348957
1.35736 4.83822 -0.050474
-2.76951 1.42327 -0.332088
1.30323 4.8556 -0.0493355
-2.79182 1.41613 -0.315576
1.24893 4.87237 -0.0481908
-2.81325 1.40775 -0.299432
1.19448 4.88854 -0.0470402
-2.8338 1.39812 -0.28367
1.13988 4.9041 -0.0458837
-2.85348 1.38728 -0.2683
1.08514 4.91905 -0.0447216
-2.8723 1.37522 -0.253335
1.03026 4.9334 -0.043554
-2.89027 1.36196 -0.238784
0.97526 4.94714 -0.042381
-2.90739 1.3475 -0.224657
0.920138 4.96027 -0.0412027
-2.92366 1.33186 -0.210963
0.864903 4.97279 -0.0400194
-2.9391 1.31505 -0.197713
0.809561 4.98469 -0.0388312
-2.95369 1.29708 -0.184915
0.754121 4.99599 -0.0376382
-2.96745 1.27795 -0.172576
0.698588 5.00668 -0.0364407
-2.98038 1.25768 -0.160705
0.642969 5.01675 -0.0352386
-2.99247 1.23627 -0.149309
0.587272 5.02621 -0.0340323
-3.00372 1.21374 -0.138396
0.531504 5.03506 -0.0328218
-3.01414 1.19009 -0.127972
0.47567 5.0433 -0.0316074
-3.02371 1.16534 -0.118044
0.41978 5.05092 -0.0303891
-3.03244 1.13949 -0.108617
0.363838 5.05793 -0.0291671
-3.04032 1.11255 -0.0996976
0.307852 5.06433 -0.0279416
-3.04735 1.08454 -0.091291
0.251829 5.07012 -0.0267127
-3.05352 1.05547 -0.0834022
0.195775 5.0753 -0.0254806
-3.05882 1.02533 -0.0760357
0.139698 5.07986 -0.0242454
-3.06325 0.994157 -0.069196
0.0836039 5.08381 -0.0230073
-3.06679 0.961947 -0.0628868
0.0274999 5.08715 -0.0217664
-3.06944 0.928716 -0.0571119
-0.0286075 5.08988 -0.0205229
-3.07118 0.894476 -0.0518743
-0.0847113 5.092 -0.019277
-3.07201 0.85924 -0.047177
-0.140805 5.09352 -0.0180288
-3.07191 0.82302 -0.0430223
-0.196882 5.09442 -0.0167784
-3.07087 0.78583 -0.0394123
-0.252936 5.09472 -0.015526
-3.06887 0.747684 -0.0363487
-0.308959 5.09441 -0.0142718
-3.0659 0.708599 -0.0338327
-0.364946 5.0935 -0.0130159
-3.06194 0.668588 -0.0318652
-0.420889 5.09198 -0.0117584
-3.05698 0.62767 -0.0304464
-0.476783 5.08986 -0.0104996
-3.05099 0.585861 -0.0295765
-0.53262 5.08714 -0.00923949
-3.04396 0.54318 -0.0292548
-0.588395 5.08381 -0.00797831
-3.03587 0.499646 -0.0294805
-0.6441 5.07989 -0.0067162
-3.02669 0.455279 -0.030252
-0.699729 5.07537 -0.00545329
-3.01641 0.410101 -0.0315674
-0.755276 5.07026 -0.00418975
-3.00499 0.364134 -0.0334242
-0.810735 5.06455 -0.00292572
-2.99243 0.317403 -0.0358194
-0.866099 5.05825 -0.00166135
-2.97868 0.269932 -0.0387495
-0.921361 5.05136 -0.000396787
-2.96374 0.221748 -0.0422103
-0.976516 5.04387 0.000867822
-2.94756 0.17288 -0.0461972
-1.03156 5.0358 0.00213233
-2.93012 0.123357 -0.0507047
-1.08648 5.02715 0.00339658
-2.9114 0.0732097 -0.0557271
-1.14127 5.01791 0.00466044
-2.89136 0.0224725 -0.0612575
-1.19594 5.00809 0.00592376
-2.86997 -0.0288202 -0.0672888
-1.25046 4.99769 0.00718639
-2.8472 -0.0806312 -0.0738129
-1.30484 4.98672 0.00844819
-2.82303 -0.132922 -0.0808212
-1.35907 4.97516 0.00970902
-2.79741 -0.18565 -0.0883041
-1.41315 4.96304 0.0109687
-2.77032 -0.238773 -0.0962513
-1.46706 4.95035 0.0122272
-2.74173 -0.292245 -0.104652
-1.5208 4.93708 0.0134842
-2.71159 -0.346016 -0.113493
-1.57437 4.92326 0.0147397
-2.67988 -0.400037 -0.122763
-1.62776 4.90886 0.0159935
-2.64655 -0.454253 -0.132448
-1.68096 4.89391 0.0172455
-2.61159 -0.508607 -0.142533
-1.73397 4.8784 0.0184955
-2.57495 -0.563039 -0.153001
-1.78679 4.86234 0.0197434
-2.53659 -0.617486 -0.163837
-1.8394 4.84572 0.0209891
-2.4965 -0.671882 -0.175022
-1.8918 4.82856 0.0222323
-2.45463 -0.726158 -0.186538
-1.94399 4.81085 0.0234731
-2.41094 -0.780239 -0.198363
-1.99596 4.79259 0.0247112
-2.36542 -0.83405 -0.210478
-2.0477 4.77379 0.0259465
-2.31804 -0.887509 -0.222859
-2.09921 4.75446 0.0271789
-2.26875 -0.940531 -0.235481
-2.15049 4.73459 0.0284082
-2.21755 -0.993029 -0.248321
-2.20152 4.71419 0.0296344
-2.1644 -1.04491 -0.261351
-2.25231 4.69326 0.0308572
-2.10929 -1.09608 -0.274543
-2.30285 4.6718 0.0320766
-2.0522 -1.14643 -0.287868
-2.35312 4.64982 0.0332923
-1.99311 -1.19586 -0.301294
-2.40314 4.62733 0.0345044
-1.93202 -1.24427 -0.314789
-2.45289 4.60432 0.0357126
-1.86891 -1.29153 -0.32832
-2.50237 4.58079 0.0369168
-1.8038 -1.33754 -0.34185
-2.55156 4.55676 0.038117
-1.73667 -1.38216 -0.355343
-2.60048 4.53222 0.0393129
-1.66755 -1.42529 -0.368759
-2.64911 4.50718 0.0405045
-1.59646 -1.46678 -0.382059
-2.69744 4.48165 0.0416916
-1.5234 -1.5065 -0.395202
-2.74548 4.45562 0.042874
-1.44843 -1.54433 -0.408144
-2.79321 4.42909 0.0440518
-1.37157 -1.58013 -0.420841
-2.84064 4.40208 0.0452247
-1.29288 -1.61375 -0.433247
-2.88775 4.37459 0.0463927
-1.21241 -1.64505 -0.445316
-2.93455 4.34662 0.0475555
-1.13024 -1.6739 -0.457
-2.98103 4.31817 0.0487132
-1.04643 -1.70016 -0.46825
-3.02718 4.28925 0.0498655
-0.961083 -1.72367 -0.479017
-3.073 4.25986 0.0510124
-0.874294 -1.7443 -0.489251
-3.11849 4.23001 0.0521537
-0.786177 -1.76192 -0.498901
-3.16364 4.1997 0.0532894
-0.696853 -1.77638 -0.507917
-3.20844 4.16893 0.0544192
-0.606458 -1.78756 -0.516249
-3.2529 4.13771 0.0555432
-0.51514 -1.79532 -0.523847
-3.297 4.10604 0.0566612
-0.423058 -1.79955 -0.530662
-3.34075 4.07393 0.057773
-0.330385 -1.80013 -0.536644
-3.38413 4.04138 0.0588786
-0.237302 -1.79696 -0.541748
-3.42716 4.00839 0.0599778
-0.144006 -1.78994 -0.545927
-3.46981 3.97497 0.0610706
-0.0507032 -1.77898 -0.549139
-3.51209 3.94112 0.0621568
0.04239 -1.764 -0.551341
-3.55399 3.90685 0.0632363
0.135047 -1.74495 -0.552496
-3.59551 3.87216 0.0643091
0.22703 -1.72176 -0.552566
-3.63665 3.83706 0.0653749
0.318097 -1.69441 -0.55152
-3.6774 3.80155 0.0664338
0.407993 -1.66288 -0.549328
-3.71775 3.76563 0.0674856
0.496461 -1.62715 -0.545964
-3.75772 3.72931 0.0685302
0.583235 -1.58723 -0.541407
-3.79728 3.69259 0.0695676
0.668048 -1.54315 -0.53564
-3.83643 3.65548 0.0705975
0.750627 -1.49495 -0.528648
-3.87518 3.61799 0.0716199
0.830697 -1.4427 -0.520424
-3.91352 3.58011 0.0726348
0.907983 -1.38647 -0.510964
-3.95145 3.54185 0.0736419
0.98221 -1.32635 -0.500268
-3.98896 3.50322 0.0746413
1.0531 -1.26246 -0.488342
-4.02604 3.46421 0.0756328
1.12039 -1.19493 -0.475198
-4.0627 3.42485 0.0766164
1.1838 -1.12391 -0.460851
-4.09894 3.38512 0.0775918
1.24307 -1.04956 -0.445323
-4.13474 3.34503 0.0785591
1.29795 -0.972067 -0.428638
-4.17012 3.3046 0.0795182
1.34817 -0.891632 -0.410829
-4.20505 3.26382 0.080469
1.39349 -0.808474 -0.391933
-4.23954 3.2227 0.0814113
1.43367 -0.722828 -0.37199
-4.27359 3.18124 0.0823451
1.46848 -0.634946 -0.351047
-4.3072 3.13945 0.0832703
1.49771 -0.545097 -0.329158
-4.34035 3.09733 0.0841868
1.52113 -0.453569 -0.306379
-4.37306 3.05489 0.0850946
1.53855 -0.360664 -0.282773
-4.40531 3.01213 0.0859935
1.54978 -0.266704 -0.258408
-4.4371 2.96906 0.0868835
1.55464 -0.172029 -0.233359
-4.46843 2.92568 0.0877644
1.55296 -0.0769947 -0.207705
-4.4993 2.88199 0.0886363
1.54461 0.0180233 -0.181531
-4.5297 2.83801 0.089499
1.52944 0.11263 -0.15493
-4.55963 2.79374 0.0903524
1.50734 0.206411 -0.128
-4.5891 2.74917 0.0911966
1.47821 0.298931 -0.100846
-4.61809 2.70433 0.0920313
1.44197 0.389732 -0.0735809
-4.6466 2.6592 0.0928565
1.39857 0.478337 -0.0463238
-4.67464 2.61381 0.0936722
1.34798 0.564243 -0.0192031
-4.70219 2.56814 0.0944783
1.29021 0.646923 0.00764484
-4.72927 2.52221 0.0952746
1.22529 0.725825 0.0340745
-4.75586 2.47602 0.0960612
1.15329 0.800375 0.059931
-4.78196 2.42958 0.096838
1.07433 0.86997 0.0850495
-4.80757 2.38289 0.0976048
0.988589 0.933986 0.109255
-4.8327 2.33595 0.0983617
0.896287 0.991775 0.132362
-4.85732 2.28878 0.0991085
0.797721 1.04267 0.154174
-4.88146 2.24137 0.0998453
0.693262 1.08599 0.174487
-4.90509 2.19374 0.100572
0.58337 1.12105 0.193084
-4.92823 2.14588 0.101288
0.468601 1.14716 0.209745
-4.95087 2.09781 0.101994
0.349619 1.16365 0.224242
-4.973 2.04952 0.10269
0.227205 1.16989 0.236347
-4.99463 2.00102 0.103375
0.102266 1.1653 0.245835
-5.01576 1.95232 0.10405
-0.0241687 1.14938 0.252493
-5.03637 1.90342 0.104714
-0.150943 1.12176 0.256124
-5.05648 1.85433 0.105368
-0.276794 1.08222 0.256562
-5.07607 1.80506 0.106011
-0.400375 1.03071 0.253676
-5.09516 1.7556 0.106643
-0.520289 0.967401 0.247388
-5.11373 1.70596 0.107265
-0.635145 0.892723 0.237676
-5.13178 1.65616 0.107875
-0.743614 0.80734 0.224586
-5.14932 1.60618 0.108475
-0.844497 0.712161 0.208232
-5.16634 1.55605 0.109064
-0.936787 0.608305 0.188795
-5.18284 1.50575 0.109642
-1.01972 0.497054 0.166514
-5.19882 1.45531 0.110209
-1.09281 0.379781 0.141676
-5.21428 1.40472 0.110765
-1.15585 0.257885 0.114593
-5.22922 1.35399 0.11131
-1.20893 0.132719 0.0855933
-5.24363 1.30312 0.111844
-1.25233 0.00553498 0.0549958
-5.25752 1.25213 0.112366
-1.28656 -0.12256 0.0231026
-5.27088 1.20101 0.112878
-1.31223 -0.250624 -0.00981314
-5.28372 1.14977 0.113378
-1.33007 -0.377887 -0.0435121
-5.29603 1.09841 0.113866
-1.34081 -0.503746 -0.0777911
-5.30781 1.04694 0.114344
-1.3452 -0.627745 -0.112482
-5.31906 0.995374 0.11481
-1.34395 -0.749561 -0.147448
-5.32979 0.943705 0.115264
-1.33776 -0.868977 -0.182584
-5.33998 0.891942 0.115707
-1.32724 -0.985865 -0.217806
-5.34964 0.840091 0.116139
-1.31296 -1.10016 -0.253051
-5.35877 0.788155 0.116559
-1.29542 -1.21187 -0.288276
-5.36737 0.736142 0.116967
-1.27509 -1.32101 -0.323448
-5.37543 0.684056 0.117364
-1.25236 -1.42764 -0.358545
-5.38296 0.631901 0.117749
-1.22759 -1.53185 -0.393556
-5.38996 0.579684 0.118122
-1.20108 -1.63373 -0.428473
-5.39642 0.52741 0.118484
-1.17309 -1.73337 -0.463295
-5.40235 0.475083 0.118834
-1.14388 -1.83089 -0.498024
-5.40775 0.42271 0.119172
-1.11363 -1.92638 -0.532664
-5.41261 0.370294 0.119499
-1.08254 -2.01995 -0.567223
-5.41694 0.317842 0.119814
-1.05075 -2.1117 -0.601708
-5.42073 0.265359 0.120116
-1.0184 -2.20174 -0.636128
-5.42398 0.212849 0.120407
-0.985619 -2.29015 -0.670492
-5.4267 0.160319 0.120686
-0.952497 -2.37703 -0.70481
-5.42889 0.107772 0.120954
-0.919129 -2.46246 -0.739092
-5.43054 0.0552154 0.121209
-0.885594 -2.54653 -0.773348
-5.43166 0.00265299 0.121452
-0.851961 -2.62932 -0.807586
-5.43224 -0.0499097 0.121684
-0.81829 -2.71089 -0.841817
-5.43228 -0.102468 0.121903
-0.784634 -2.79131 -0.876049
-5.43179 -0.155015 0.12211
-0.75104 -2.87066 -0.910291
-5.43077 -0.207548 0.122306
-0.717548 -2.94899 -0.944552
-5.42922 -0.26006 0.122489
-0.684194 -3.02636 -0.978838
-5.42713 -0.312546 0.12266
-0.651008 -3.10283 -1.01316
-5.4245 -0.365002 0.12282
-0.618018 -3.17844 -1.04752
-5.42135 -0.417422 0.122967
-0.585249 -3.25324 -1.08193
-5.41766 -0.469801 0.123102
-0.55272 -3.32729 -1.1164
-5.41344 -0.522134 0.123225
-0.520451 -3.40062 -1.15092
-5.40869 -0.574416 0.123336
-0.488457 -3.47327 -1.18551
-5.40341 -0.626641 0.123435
-0.456753 -3.54528 -1.22018
-5.3976 -0.678805 0.123522
-0.42535 -3.61668 -1.25492
-5.39126 -0.730903 0.123596
-0.394259 -3.68752 -1.28975
-5.38439 -0.782928 0.123659
-0.363491 -3.75782 -1.32466
-5.377 -0.834878 0.123709
-0.333051 -3.82762 -1.35967
-5.36908 -0.886745 0.123748
-0.302949 -3.89693 -1.39478
-5.36063 -0.938525 0.123774
-0.273188 -3.96579 -1.42998
-5.35166 -0.990214 0.123788
-0.243776 -4.03423 -1.46529
-5.34216 -1.04181 0.12379
-0.214715 -4.10226 -1.50071
-5.33214 -1.0933 0.12378
-0.186009 -4.16992 -1.53625
-5.3216 -1.14468 0.123758
-0.157662 -4.23722 -1.5719
-5.31054 -1.19595 0.123723
-0.129676 -4.30419 -1.60766
-5.29896 -1.2471 0.123677
-0.102053 -4.37083 -1.64355
-5.28686 -1.29813 0.123618
-0.0747946 -4.43718 -1.67957
-5.27424 -1.34904 0.123548
-0.0479015 -4.50326 -1.71572
-5.26111 -1.39981 0.123465
-0.021375 -4.56907 -1.75199
-5.24747 -1.45045 0.12337
0.00478458 -4.63463 -1.7884
-5.23331 -1.50094 0.123263
0.0305768 -4.69996 -1.82495
-5.21864 -1.55129 0.123144
0.0560018 -4.76508 -1.86164
-5.20345 -1.60149 0.123013
0.0810596 -4.83 -1.89846
-5.18776 -1.65153 0.12287
0.105751 -4.89473 -1.93543
-5.17157 -1.7014 0.122715
0.130075 -4.95928 -1.97255
-5.15486 -1.75111 0.122548
0.154035 -5.02367 -2.00981
-5.13766 -1.80065 0.122369
0.177629 -5.08791 -2.04722
-5.11995 -1.85002 0.122178
0.20086 -5.15201 -2.08478
-5.10174 -1.8992 0.121975
0.223728 -5.21599 -2.1225
-5.08303 -1.9482 0.12176
0.246234 -5.27984 -2.16037
-5.06382 -1.99701 0.121534
0.26838 -5.34359 -2.19839
-5.04412 -2.04562 0.121295
0.290167 -5.40723 -2.23658
-5.02392 -2.09403 0.121044
0.311596 -5.47079 -2.27492
-5.00324 -2.14223 0.120782
0.332668 -5.53427 -2.31343
-4.98206 -2.19023 0.120508
0.353386 -5.59767 -2.35209
-4.96039 -2.23801 0.120222
0.37375 -5.66101 -2.39092
-4.93824 -2.28558 0.119924
0.393762 -5.72429 -2.42992
-4.91561 -2.33292 0.119615
0.413423 -5.78753 -2.46908
-4.89249 -2.38003 0.119293
0.432736 -5.85072 -2.50841
-4.8689 -2.4269 0.11896
0.451701 -5.91388 -2.54791
-4.84483 -2.47354 0.118616
0.47032 -5.97701 -2.58757
-4.82028 -2.51994 0.11826
0.488596 -6.04012 -2.62741
-4.79526 -2.56609 0.117892
0.506529 -6.10321 -2.66742
-4.76977 -2.61199 0.117512
0.524121 -6.1663 -2.7076
-4.74381 -2.65763 0.117121
0.541374 -6.22938 -2.74796
-4.71739 -2.70301 0.116719
0.55829 -6.29246 -2.78849
-4.6905 -2.74813 0.116305
0.57487 -6.35555 -2.8292
-4.66315 -2.79297 0.11588
0.591115 -6.41865 -2.87008
-4.63535 -2.83755 0.115443
0.607029 -6.48177 -2.91113
-4.60709 -2.88184 0.114995
0.622611 -6.54491 -2.95237
-4.57837 -2.92585 0.114536
0.637865 -6.60808 -2.99378
-4.54921 -2.96957 0.114065
0.652791 -6.67128 -3.03538
-4.51959 -3.013 0.113583
0.667392 -6.73451 -3.07715
-4.48954 -3.05613 0.11309
0.681669 -6.79778 -3.1191
-4.45904 -3.09896 0.112586
0.695624 -6.8611 -3.16123
-4.4281 -3.14149 0.112071
0.709258 -6.92446 -3.20355
-4.39672 -3.1837 0.111545
0.722573 -6.98788 -3.24604
-4.36491 -3.22561 0.111007
0.735572 -7.05135 -3.28872
-4.33267 -3.26719 0.110459
0.748255 -7.11487 -3.33158
-4.3 -3.30845 0.1099
0.760625 -7.17846 -3.37462
-4.26691 -3.34938 0.10933
0.772682 -7.24211 -3.41784
-4.23339 -3.38999 0.108749
0.78443 -7.30583 -3.46125
-4.19946 -3.43025 0.108157
0.79587 -7.36962 -3.50484
-4.16511 -3.47018 0.107555
0.807002 -7.43348 -3.54861
-4.13035 -3.50977 0.106942
0.817831 -7.49742 -3.59257
-4.09517 -3.549 0.106318
0.828356 -7.56143 -3.63671
-4.0596 -3.58789 0.105684
0.838579 -7.62552 -3.68104
-4.02361 -3.62641 0.10504
0.848504 -7.6897 -3.72554
-3.98723 -3.66458 0.104385
0.85813 -7.75396 -3.77024
-3.95046 -3.70239 0.103719
0.867461 -7.81831 -3.81511
-3.91329 -3.73982 0.103044
0.876498 -7.88275 -3.86017
-3.87573 -3.77689 0.102358
0.885242 -7.94728 -3.90541
-3.83778 -3.81357 0.101661
0.893696 -8.0119 -3.95084
-3.79946 -3.84988 0.100955
0.901862 -8.07661 -3.99644
-3.76075 -3.8858 0.100239
0.909741 -8.14142 -4.04223
-3.72167 -3.92134 0.0995122
0.917335 -8.20633 -4.08821
-3.68222 -3.95648 0.0987759
0.924646 -8.27133 -4.13436
-3.64239 -3.99123 0.0980297
0.931676 -8.33644 -4.18069
-3.60221 -4.02558 0.0972737
0.938428 -8.40165 -4.22721
-3.56166 -4.05953 0.0965079
0.944902 -8.46696 -4.27391
-3.52076 -4.09307 0.0957325
0.951101 -8.53237 -4.32078
-3.4795 -4.1262 0.0949475
0.957027 -8.59789 -4.36784
-3.4379 -4.15891 0.0941529
0.962681 -8.66351 -4.41508
-3.39594 -4.19121 0.0933489
0.968067 -8.72924 -4.46249
-3.35365 -4.22308 0.0925355
0.973185 -8.79508 -4.51008
-3.31102 -4.25453 0.0917128
0.978039 -8.86102 -4.55785
-3.26806 -4.28555 0.0908808
0.982629 -8.92707 -4.60579
-3.22476 -4.31614 0.0900397
0.986958 -8.99323 -4.65391
-3.18115 -4.3463 0.0891895
0.991028 -9.0595 -4.7022
-3.13721 -4.37601 0.0883302
0.994842 -9.12588 -4.75067
-3.09295 -4.40528 0.0874621
0.998401 -9.19237 -4.79931
-3.04838 -4.43411 0.0865851
1.00171 -9.25897 -4.84812
-3.0035 -4.46249 0.0856993
1.00476 -9.32568 -4.8971
-2.95831 -4.49041 0.0848048
1.00757 -9.39251 -4.94625
-2.91283 -4.51788 0.0839017
1.01013 -9.45944 -4.99557
-2.86705 -4.54489 0.0829901
1.01245 -9.52648 -5.04505
-2.82098 -4.57144 0.08207
1.01453 -9.59363 -5.0947
-2.77462 -4.59752 0.0811416
1.01637 -9.66089 -5.14452
-2.72798 -4.62313 0.0802049
1.01797 -9.72826 -5.1945
-2.68106 -4.64827 0.0792601
1.01933 -9.79575 -5.24464
-2.63386 -4.67294 0.0783071
1.02047 -9.86334 -5.29495
-2.5864 -4.69713 0.0773461
1.02137 -9.93104 -5.34541
-2.53867 -4.72084 0.0763772
1.02204 -9.99885 -5.39604
-2.49068 -4.74406 0.0754005
1.02249 -10.0668 -5.44682
-2.44244 -4.7668 0.074416
1.02272 -10.1348 -5.49775
-2.39394 -4.78904 0.0734239
1.02273 -10.2029 -5.54884
-2.3452 -4.8108 0.0724242
1.02251 -10.2712 -5.60009
-2.29622 -4.83206 0.0714171
1.02209 -10.3395 -5.65148
-2.247 -4.85282 0.0704026
1.02144 -10.408 -5.70303
-2.19754 -4.87308 0.0693808
1.02059 -10.4765 -5.75472
-2.14787 -4.89283 0.0683519
1.01953 -10.5452 -5.80656
-2.09796 -4.91208 0.0673159
1.01826 -10.6139 -5.85855
-2.04785 -4.93082 0.0662729
1.01678 -10.6828 -5.91068
-1.99751 -4.94905 0.065223
1.01511 -10.7518 -5.96295
-1.94698 -4.96677 0.0641664
1.01323 -10.8208 -6.01537
-1.89624 -4.98397 0.0631031
1.01116 -10.89 -6.06792
-1.8453 -5.00065 0.0620332
1.00889 -10.9593 -6.12061
-1.79417 -5.01681 0.0609569
1.00643 -11.0286 -6.17343
-1.74285 -5.03244 0.0598742
1.00378 -11.0981 -6.22639
-1.69135 -5.04755 0.0587852
1.00095 -11.1676 -6.27949
-1.63967 -5.06213 0.0576901
0.997923 -11.2373 -6.33271
-1.58782 -5.07618 0.0565889
0.994718 -11.307 -6.38607
-1.53581 -5.0897 0.0554818
0.991333 -11.3769 -6.43955
-1.48363 -5.10268 0.0543689
0.98777 -11.4468 -6.49315
-1.4313 -5.11513 0.0532502
0.98403 -11.5168 -6.54689
-1.37881 -5.12703 0.052126
0.980118 -11.5869 -6.60074
-1.32618 -5.1384 0.0509962
0.976034 -11.6571 -6.65472
-1.27341 -5.14922 0.049861
0.971782 -11.7274 -6.70881
-1.22051 -5.1595 0.0487206
0.967363 -11.7978 -6.76302
-1.16748 -5.16923 0.047575
0.96278 -11.8682 -6.81735
-1.11432 -5.17842 0.0464244
0.958035 -11.9388 -6.87179
-1.06104 -5.18705 0.0452688
0.953131 -12.0094 -6.92635
-1.00766 -5.19513 0.0441084
0.948069 -12.0801 -6.98101
-0.954159 -5.20266 0.0429433
0.942852 -12.1508 -7.03579
-0.900562 -5.20963 0.0417737
0.937482 -12.2217 -7.09067
-0.846868 -5.21605 0.0405995
0.931962 -12.2926 -7.14566
-0.793083 -5.22191 0.0394211
0.926293 -12.3637 -7.20075
-0.739214 -5.22721 0.0382383
0.920477 -12.4347 -7.25595
-0.685265 -5.23194 0.0370515
0.914518 -12.5059 -7.31125
-0.631242 -5.23612 0.0358608
0.908416 -12.5771 -7.36665
-0.577152 -5.23973 0.0346661
0.902174 -12.6484 -7.42214
-0.522999 -5.24278 0.0334677
0.895795 -12.7198 -7.47773
-0.46879 -5.24526 0.0322657
0.88928 -12.7913 -7.53342
-0.41453 -5.24717 0.0310602
0.88263 -12.8628 -7.5892
-0.360225 -5.24852 0.0298514
0.875849 -12.9343 -7.64507
-0.305882 -5.24929 0.0286393
0.868939 -13.006 -7.70103
-0.251505 -5.2495 0.0274241
0.8619 -13.0777 -7.75708
-0.1971 -5.24913 0.0262059
0.854736 -13.1495 -7.81322
-0.142674 -5.2482 0.0249848
0.847448 -13.2213 -7.86945
-0.0882331 -5.24669 0.0237611
0.840038 -13.2932 -7.92575
-0.0337821 -5.24461 0.0225347
0.832507 -13.3652 -7.98215
0.0206726 -5.24195 0.0213059
0.824859 -13.4372 -8.03862
0.0751251 -5.23872 0.0200747
0.817094 -13.5093 -8.09517
0.129569 -5.23491 0.0188413
0.809214 -13.5814 -8.1518
0.183999 -5.23053 0.0176059
0.801222 -13.6536 -8.20851
0.238409 -5.22557 0.0163685
0.793118 -13.7258 -8.2653
0.292792 -5.22003 0.0151293
0.784906 -13.7981 -8.32216
0.347143 -5.21392 0.0138885
0.776585 -13.8705 -8.37909
0.401456 -5.20723 0.0126461
0.768159 -13.9429 -8.43609
0.455724 -5.19997 0.0114023
0.759629 -14.0153 -8.49317
0.509941 -5.19212 0.0101572
0.750995 -14.0878 -8.55031
0.564102 -5.1837 0.00891099
0.742261 -14.1604 -8.60753
0.6182 -5.1747 0.0076638
0.733428 -14.233 -8.66481
0.672229 -5.16513 0.00641575
0.724497 -14.3056 -8.72215
0.726183 -5.15498 0.00516699
0.715469 -14.3783 -8.77957
0.780056 -5.14425 0.00391764
0.706347 -14.451 -8.83704
0.833841 -5.13294 0.00266786
0.697132 -14.5238 -8.89458
0.887532 -5.12106 0.00141778
0.687825 -14.5966 -8.95217
0.941124 -5.1086 0.000167541
0.678427 -14.6695 -9.00983
0.99461 -5.09556 -0.00108272
0.668941 -14.7424 -9.06755
1.04798 -5.08196 -0.00233286
0.659367 -14.8153 -9.12532
1.10124 -5.06777 -0.00358273
0.649707 -14.8883 -9.18316
1.15437 -5.05301 -0.0048322
0.639963 -14.9614 -9.24104
1.20737 -5.03768 -0.00608112
0.630135 -15.0344 -9.29898
1.26023 -5.02178 -0.00732935
0.620225 -15.1075 -9.35698
1.31295 -5.00531 -0.00857675
0.610235 -15.1807 -9.41503
1.36552 -4.98826 -0.00982317
0.600165 -15.2538 -9.47313
1.41793 -4.97065 -0.0110685
0.590016 -15.327 -9.53128
1.47018 -4.95247 -0.0123125
0.579791 -15.4003 -9.58948
1.52226 -4.93372 -0.0135551
0.56949 -15.4736 -9.64773
1.57417 -4.9144 -0.0147962
0.559115 -15.5469 -9.70603
1.6259 -4.89452 -0.0160356
0.548666 -15.6202 -9.76437
1.67744 -4.87408 -0.0172731
0.538145 -15.6936 -9.82276
1.72879 -4.85307 -0.0185086
0.527552 -15.767 -9.8812
1.77993 -4.83151 -0.019742
0.51689 -15.8404 -9.93968
1.83088 -4.80938 -0.0209731
0.506159 -15.9139 -9.9982
1.8816 -4.7867 -0.0222018
0.49536 -15.9874 -10.0568
1.93211 -4.76346 -0.0234279
0.484494 -16.0609 -10.1154
1.9824 -4.73967 -0.0246513
0.473563 -16.1344 -10.174
2.03246 -4.71533 -0.0258718
0.462567 -16.208 -10.2327
2.08227 -4.69043 -0.0270893
0.451507 -16.2816 -10.2915
2.13185 -4.66499 -0.0283036
0.440385 -16.3552 -10.3502
2.18117 -4.639 -0.0295146
0.429201 -16.4289 -10.409
2.23024 -4.61247 -0.0307222
0.417955 -16.5026 -10.4679
2.27905 -4.5854 -0.0319261
0.406651 -16.5763 -10.5268
2.32759 -4.55779 -0.0331263
0.395287 -16.65 -10.5857
2.37586 -4.52964 -0.0343226
0.383865 -16.7237 -10.6446
2.42384 -4.50095 -0.0355149
0.372386 -16.7975 -10.7036
2.47154 -4.47174 -0.0367029
0.360851 -16.8713 -10.7626
2.51895 -4.44199 -0.0378866
0.34926 -16.9451 -10.8217
2.56605 -4.41172 -0.0390658
0.337615 -17.0189 -10.8808
2.61286 -4.38093 -0.0402404
0.325915 -17.0928 -10.9399
2.65935 -4.34961 -0.0414102
0.314163 -17.1667 -10.9991
2.70552 -4.31778 -0.042575
0.302359 -17.2406 -11.0582
2.75138 -4.28543 -0.0437348
0.290504 -17.3145 -11.1175
2.7969 -4.25256 -0.0448893
0.278597 -17.3884 -11.1767
2.84209 -4.21919 -0.0460385
0.266641 -17.4623 -11.236
2.88693 -4.18531 -0.0471821
0.254636 -17.5363 -11.2953
2.93143 -4.15093 -0.0483201
0.242582 -17.6103 -11.3546
2.97558 -4.11605 -0.0494523
0.230481 -17.6843 -11.414
3.01937 -4.08068 -0.0505785
0.218333 -17.7583 -11.4734
3.0628 -4.04481 -0.0516985
0.206138 -17.8324 -11.5328
3.10585 -4.00845 -0.0528124
0.193898 -17.9064 -11.5922
3.14853 -3.97161 -0.0539198
0.181613 -17.9805 -11.6517
3.19083 -3.93428 -0.0550208
0.169283 -18.0546 -11.7112
3.23273 -3.89648 -0.056115
0.15691 -18.1287 -11.7707
3.27425 -3.8582 -0.0572024
0.144494 -18.2028 -11.8302
3.31537 -3.81946 -0.0582828
0.132036 -18.2769 -11.8898
3.35608 -3.78024 -0.0593561
0.119535 -18.351 -11.9494
3.39638 -3.74057 -0.0604222
0.106993 -18.4252 -12.009
3.43627 -3.70044 -0.0614809
0.0944112 -18.4993 -12.0686
3.47573 -3.65985 -0.062532
0.0817888 -18.5735 -12.1283
3.51477 -3.61881 -0.0635754
0.069127 -18.6477 -12.188
3.55338 -3.57733 -0.0646111
0.0564262 -18.7219 -12.2477
3.59154 -3.53541 -0.0656388
0.0436871 -18.7961 -12.3074
3.62927 -3.49305 -0.0666583
0.03091 -18.8704 -12.3671
3.66655 -3.45027 -0.0676697
0.0180957 -18.9446 -12.4269
3.70337 -3.40705 -0.0686727
0.00524447 -19.0188 -12.4867
3.73974 -3.36341 -0.0696671
-0.00764303 -19.0931 -12.5465
3.77564 -3.31936 -0.070653
-0.0205664 -19.1674 -12.6063
3.81107 -3.27489 -0.07163
-0.033525 -19.2417 -12.6661
3.84602 -3.23001 -0.0725982
-0.0465185 -19.3159 -12.726
3.8805 -3.18474 -0.0735573
-0.0595463 -19.3902 -12.7858
3.9145 -3.13906 -0.0745072
-0.0726081 -19.4646 -12.8457
3.948 -3.093 -0.0754478
-0.0857033 -19.5389 -12.9056
3.98101 -3.04654 -0.0763789
-0.0988315 -19.6132 -12.9656
4.01352 -2.99971 -0.0773005
-0.111992 -19.6875 -13.0255
4.04553 -2.95249 -0.0782124
-0.125185 -19.7619 -13.0855
4.07703 -2.90491 -0.0791145
-0.13841 -19.8362 -13.1455
4.10802 -2.85696 -0.0800066
-0.151666 -19.9106 -13.2054
4.13849 -2.80865 -0.0808886
-0.164953 -19.985 -13.2655
4.16844 -2.75999 -0.0817604
-0.17827 -20.0594 -13.3255
4.19786 -2.71098 -0.0826219
-0.191617 -20.1337 -13.3855
4.22675 -2.66162 -0.083473
-0.204994 -20.2081 -13.4456
4.2551 -2.61193 -0.0843134
-0.2184 -20.2825 -13.5056
4.28292 -2.56191 -0.0851432
-0.231836 -20.3569 -13.5657
4.31019 -2.51156 -0.0859622
-0.245299 -20.4314 -13.6258
4.33691 -2.46089 -0.0867702
-0.258791 -20.5058 -13.6859
4.36308 -2.40991 -0.0875672
-0.272311 -20.5802 -13.7461
4.38869 -2.35862 -0.088353
-0.285859 -20.6546 -13.8062
4.41375 -2.30703 -0.0891276
-0.299433 -20.7291 -13.8664
4.43824 -2.25515 -0.0898908
-0.313034 -20.8035 -13.9265
4.46216 -2.20298 -0.0906424
-0.326662 -20.878 -13.9867
4.48551 -2.15052 -0.0913825
-0.340316 -20.9524 -14.0469
4.50829 -2.09779 -0.0921108
-0.353996 -21.0269 -14.1071
4.53049 -2.04479 -0.0928273
-0.367701 -21.1014 -14.1673
4.5521 -1.99153 -0.0935319
-0.381431 -21.1758 -14.2275
4.57313 -1.93801 -0.0942245
-0.395186 -21.2503 -14.2878
4.59357 -1.88425 -0.0949049
-0.408966 -21.3248 -14.348
4.61342 -1.83023 -0.0955731
-0.42277 -21.3993 -14.4083
4.63267 -1.77599 -0.0962289
-0.436598 -21.4738 -14.4686
4.65133 -1.72151 -0.0968723
-0.45045 -21.5483 -14.5288
4.66938 -1.66681 -0.0975032
-0.464325 -21.6228 -14.5891
4.68683 -1.61189 -0.0981214
-0.478223 -21.6973 -14.6494
4.70367 -1.55677 -0.098727
-0.492145 -21.7718 -14.7098
4.7199 -1.50144 -0.0993197
-0.506088 -21.8463 -14.7701
4.73551 -1.44592 -0.0998995
-0.520055 -21.9208 -14.8304
4.75051 -1.39021 -0.100466
-0.534043 -21.9954 -14.8908
4.7649 -1.33432 -0.10102
-0.548053 -22.0699 -14.9511
4.77866 -1.27826 -0.101561
-0.562084 -22.1444 -15.0115
4.7918 -1.22203 -0.102088
-0.576137 -22.2189 -15.0719
4.80431 -1.16564 -0.102602
-0.590211 -22.2935 -15.1322
4.8162 -1.1091 -0.103103
-0.604306 -22.368 -15.1926
4.82745 -1.05241 -0.10359
-0.618421 -22.4426 -15.253
4.83808 -0.995583 -0.104063
-0.632557 -22.5171 -15.3134
4.84807 -0.938627 -0.104523
-0.646713 -22.5917 -15.3739
4.85743 -0.881549 -0.10497
-0.660889 -22.6662 -15.4343
4.86614 -0.824355 -0.105402
-0.675085 -22.7408 -15.4947
4.87423 -0.767052 -0.105821
-0.6893 -22.8153 -15.5552
4.88167 -0.709649 -0.106226
-0.703534 -22.8899 -15.6156
4.88846 -0.652153 -0.106616
-0.717787 -22.9645 -15.6761
4.89462 -0.59457 -0.106993
-0.732059 -23.039 -15.7366
4.90013 -0.53691 -0.107356
-0.74635 -23.1136 -15.797
4.90499 -0.479179 -0.107705
-0.760659 -23.1882 -15.8575
4.90921 -0.421384 -0.108039
-0.774987 -23.2627 -15.918
4.91278 -0.363535 -0.108359
-0.789333 -23.3373 -15.9785
4.91571 -0.305637 -0.108665
-0.803696 -23.4119 -16.039
4.91798 -0.247698 -0.108956
-0.818077 -23.4865 -16.0995
4.9196 -0.189727 -0.109233
-0.832476 -23.5611 -16.16
4.92058 -0.131731 -0.109496
-0.846892 -23.6356 -16.2206
4.9209 -0.0737176 -0.109744
-0.861325 -23.7102 -16.2811
4.92057 -0.0156943 -0.109978
-0.875775 -23.7848 -16.3416
4.91959 0.042331 -0.110197
-0.890241 -23.8594 -16.4022
4.91796 0.100351 -0.110401
-0.904725 -23.934 -16.4627
4.91567 0.158357 -0.110591
-0.919224 -24.0086 -16.5233
4.91273 0.216343 -0.110766
-0.93374 -24.0832 -16.5839
4.90914 0.274299 -0.110926
-0.948273 -24.1578 -16.6444
4.9049 0.33222 -0.111072
-0.962821 -24.2324 -16.705
4.90001 0.390096 -0.111203
-0.977385 -24.307 -16.7656
4.89447 0.44792 -0.111319
-0.991964 -24.3816 -16.8262
4.88827 0.505685 -0.111421
-1.00656 -24.4562 -16.8868
4.88143 0.563383 -0.111507
-1.02117 -24.5308 -16.9474
4.87394 0.621006 -0.111579
-1.03579 -24.6054 -17.008
4.8658 0.678546 -0.111636
-1.05044 -24.68 -17.0686
4.85701 0.735996 -0.111678
-1.06509 -24.7546 -17.1292
4.84757 0.793347 -0.111705
-1.07976 -24.8292 -17.1899
4.83749 0.850594 -0.111717
-1.09445 -24.9038 -17.2505
4.82677 0.907727 -0.111715
-1.10914 -24.9784 -17.3111
4.8154 0.964739 -0.111697
-1.12386 -25.053 -17.3718
4.80339 1.02162 -0.111665
-1.13859 -25.1276 -17.4324
4.79074 1.07837 -0.111618
-1.15333 -25.2022 -17.4931
4.77746 1.13497 -0.111556
-1.16808 -25.2768 -17.5537
4.76353 1.19143 -0.111479
-1.18285 -25.3515 -17.6144
4.74898 1.24772 -0.111387
-1.19764 -25.4261 -17.675
4.73378 1.30385 -0.11128
-1.21243 -25.5007 -17.7357
4.71796 1.3598 -0.111159
-1.22724 -25.5753 -17.7964
4.70151 1.41557 -0.111022
-1.24207 -25.6499 -17.8571
4.68443 1.47116 -0.110871
-1.2569 -25.7245 -17.9178
4.66673 1.52654 -0.110705
-1.27175 -25.7992 -17.9784
4.6484 1.58173 -0.110525
-1.28661 -25.8738 -18.0391
4.62946 1.6367 -0.110329
-1.30149 -25.9484 -18.0998
4.6099 1.69146 -0.110119
-1.31638 -26.023 -18.1605
4.58972 1.74599 -0.109895
-1.33128 -26.0976 -18.2212
4.56893 1.80028 -0.109655
-1.34619 -26.1722 -18.282
4.54754 1.85434 -0.109401
-1.36112 -26.2469 -18.3427
4.52554 1.90815 -0.109133
-1.37606 -26.3215 -18.4034
4.50293 1.96171 -0.10885
-1.39101 -26.3961 -18.4641
4.47973 2.015 -0.108552
-1.40597 -26.4707 -18.5248
4.45593 2.06803 -0.10824
-1.42094 -26.5453 -18.5856
4.43153 2.12078 -0.107913
-1.43593 -26.62 -18.6463
4.40655 2.17325 -0.107573
-1.45092 -26.6946 -18.707
4.38098 2.22543 -0.107217
-1.46593 -26.7692 -18.7678
4.35483 2.27731 -0.106848
-1.48096 -26.8438 -18.8285
4.3281 2.32889 -0.106464
-1.49599 -26.9184 -18.8893
4.30079 2.38016 -0.106067
-1.51103 -26.9931 -18.95
4.27291 2.43112 -0.105655
-1.52609 -27.0677 -19.0108
4.24446 2.48175 -0.105229
-1.54115 -27.1423 -19.0716
4.21545 2.53205 -0.104789
-1.55623 -27.2169 -19.1323
4.18589 2.58202 -0.104335
-1.57132 -27.2916 -19.1931
4.15576 2.63164 -0.103868
-1.58642 -27.3662 -19.2539
4.12509 2.68092 -0.103386
-1.60153 -27.4408 -19.3146
4.09387 2.72984 -0.102891
-1.61665 -27.5154 -19.3754
4.0621 2.7784 -0.102383
-1.63178 -27.59 -19.4362
4.0298 2.82659 -0.10186
-1.64692 -27.6647 -19.497
3.99696 2.87441 -0.101325
-1.66208 -27.7393 -19.5578
3.9636 2.92184 -0.100775
-1.67724 -27.8139 -19.6186
3.92971 2.96889 -0.100213
-1.69241 -27.8885 -19.6794
3.89531 3.01555 -0.0996373
-1.7076 -27.9632 -19.7402
3.86039 3.06181 -0.0990484
-1.72279 -28.0378 -19.801
3.82496 3.10767 -0.0984465
-1.738 -28.1124 -19.8618
3.78902 3.15311 -0.0978316
-1.75321 -28.187 -19.9226
3.75259 3.19814 -0.0972038
-1.76843 -28.2616 -19.9834
3.71566 3.24275 -0.0965632
-1.78367 -28.3363 -20.0442
3.67824 3.28694 -0.0959099
-1.79891 -28.4109 -20.105
3.64034 3.33069 -0.095244
-1.81417 -28.4855 -20.1658
3.60197 3.374 -0.0945656
-1.82943 -28.5601 -20.2267
3.56311 3.41687 -0.0938748
-1.8447 -28.6347 -20.2875
3.52379 3.45929 -0.0931717
-1.85999 -28.7094 -20.3483
3.48401 3.50126 -0.0924563
-1.87528 -28.784 -20.4091
3.44378 3.54277 -0.0917288
-1.89058 -28.8586 -20.47
3.40309 3.58382 -0.0909894
-1.90589 -28.9332 -20.5308
3.36196 3.6244 -0.090238
-1.92121 -29.0078 -20.5917
3.32038 3.6645 -0.0894748
-1.93654 -29.0825 -20.6525
3.27838 3.70413 -0.0887
-1.95188 -29.1571 -20.7133
3.23595 3.74327 -0.0879136
-1.96723 -29.2317 -20.7742
3.19309 3.78193 -0.0871157
-1.98258 -29.3063 -20.835
3.14982 3.82009 -0.0863066
-1.99795 -29.3809 -20.8959
3.10614 3.85776 -0.0854861
-2.01332 -29.4556 -20.9567
3.06206 3.89492 -0.0846546
-2.02871 -29.5302 -21.0176
3.01758 3.93158 -0.0838121
-2.0441 -29.6048 -21.0785
2.97271 3.96773 -0.0829587
-2.0595 -29.6794 -21.1393
2.92745 4.00337 -0.0820946
-2.07491 -29.754 -21.2002
2.88181 4.03849 -0.0812199
-2.09033 -29.8286 -21.2611
2.83581 4.07308 -0.0803346
-2.10576 -29.9033 -21.3219
2.78943 4.10715 -0.079439
-2.12119 -29.9779 -21.3828
2.7427 4.14069 -0.0785331
-2.13664 -30.0525 -21.4437
2.69561 4.1737 -0.0776172
-2.15209 -30.1271 -21.5045
2.64818 4.20617 -0.0766912
-2.16755 -30.2017 -21.5654
2.6004 4.2381 -0.0757553
-2.18302 -30.2763 -21.6263
2.55229 4.26948 -0.0748098
-2.1985 -30.351 -21.6872
2.50386 4.30032 -0.0738546
-2.21398 -30.4256 -21.7481
2.4551 4.33061 -0.07289
-2.22948 -30.5002 -21.809
2.40603 4.36034 -0.0719161
-2.24498 -30.5748 -21.8699
2.35665 4.38951 -0.0709329
-2.26049 -30.6494 -21.9308
2.30697 4.41813 -0.0699408
-2.27601 -30.724 -21.9917
2.257 4.44618 -0.0689397
-2.29153 -30.7986 -22.0526
2.20674 4.47366 -0.0679298
-2.30707 -30.8732 -22.1135
2.15619 4.50058 -0.0669112
-2.32261 -30.9479 -22.1744
2.10538 4.52692 -0.0658842
-2.33816 -31.0225 -22.2353
2.0543 4.55269 -0.0648488
-2.35371 -31.0971 -22.2962
2.00295 4.57789 -0.0638052
-2.36928 -31.1717 -22.3571
1.95136 4.6025 -0.0627536
-2.38485 -31.2463 -22.418
1.89951 4.62653 -0.061694
-2.40043 -31.3209 -22.4789
1.84743 4.64998 -0.0606266
-2.41602 -31.3955 -22.5398
1.79512 4.67284 -0.0595516
-2.43162 -31.4701 -22.6007
1.74257 4.69512 -0.058469
-2.44722 -31.5447 -22.6616
1.68981 4.7168 -0.0573792
-2.46283 -31.6194 -22.7226
1.63684 4.73789 -0.0562821
-2.47845 -31.694 -22.7835
1.58366 4.75839 -0.055178
-2.49407 -31.7686 -22.8444
1.53029 4.77829 -0.0540669
-2.50971 -31.8432 -22.9053
1.47672 4.7976 -0.0529491
-2.52535 -31.9178 -22.9663
1.42297 4.81631 -0.0518247
-2.54099 -31.9924 -23.0272
1.36904 4.83441 -0.0506938
-2.55665 -32.067 -23.0881
1.31494 4.85192 -0.0495567
-2.57231 -32.1416 -23.1491
1.26068 4.86882 -0.0484133
-2.58798 -32.2162 -23.21
1.20626 4.88511 -0.047264
-2.60366 -32.2908 -23.271
1.15169 4.9008 -0.0461088
-2.61934 -32.3654 -23.3319
1.09698 4.91589 -0.0449479
-2.63503 -32.44 -23.3928
1.04213 4.93037 -0.0437814
-2.65073 -32.5146 -23.4538
0.987154 4.94424 -0.0426096
-2.66643 -32.5892 -23.5147
0.932057 4.9575 -0.0414324
-2.68214 -32.6638 -23.5757
0.876845 4.97015 -0.0402502
-2.69786 -32.7385 -23.6366
0.821526 4.98219 -0.0390631
-2.71359 -32.8131 -23.6976
0.766106 4.99362 -0.0378711
-2.72932 -32.8877 -23.7585
0.710592 5.00443 -0.0366746
-2.74506 -32.9623 -23.8195
0.654991 5.01464 -0.0354735
-2.7608 -33.0369 -23.8805
0.59931 5.02423 -0.0342681
-2.77655 -33.1115 -23.9414
0.543556 5.03321 -0.0330585
-2.79231 -33.1861 -24.0024
0.487736 5.04158 -0.0318449
-2.80808 -33.2607 -24.0633
0.431856 5.04934 -0.0306275
-2.82385 -33.3353 -24.1243
0.375925 5.05648 -0.0294063
-2.83963 -33.4099 -24.1853
0.319947 5.06301 -0.0281815
-2.85542 -33.4845 -24.2462
0.263931 5.06893 -0.0269534
-2.87121 -33.5591 -24.3072
0.207884 5.07423 -0.025722
-2.88701 -33.6337 -24.3682
0.151811 5.07893 -0.0244875
-2.90281 -33.7083 -24.4292
0.0957194 5.08301 -0.02325
-2.91862 -33.7829 -24.4901
0.0396167 5.08648 -0.0220098
-2.93444 -33.8575 -24.5511
-0.0164908 5.08935 -0.0207669
-2.95027 -33.9321 -24.6121
-0.0725963 5.0916 -0.0195215
-2.9661 -34.0067 -24.6731
-0.128693 5.09324 -0.0182738
-2.98194 -34.0813 -24.7341
-0.184775 5.09428 -0.0170239
-2.99778 -34.1559 -24.7951
-0.240834 5.09471 -0.015772
-3.01363 -34.2305 -24.856
-0.296865 5.09453 -0.0145182
-3.02949 -34.3051 -24.917
-0.35286 5.09374 -0.0132626
-3.04535 -34.3797 -24.978
-0.408814 5.09236 -0.0120055
-3.06122 -34.4543 -25.039
-0.464719 5.09036 -0.010747
-3.07709 -34.5289 -25.1
-0.520569 5.08777 -0.00948724
-3.09297 -34.6035 -25.161
-0.576358 5.08458 -0.00822632
-3.10886 -34.6781 -25.222
-0.632079 5.08078 -0.00696444
-3.12476 -34.7527 -25.283
-0.687726 5.07639 -0.00570174
-3.14065 -34.8273 -25.344
-0.743291 5.07141 -0.00443837
-3.15656 -34.9019 -25.405
-0.79877 5.06583 -0.00317448
-3.17247 -34.9765 -25.466
-0.854155 5.05965 -0.00191022
-3.18839 -35.0511 -25.527
-0.90944 5.05289 -0.000645734
-3.20431 -35.1257 -25.588
-0.964619 5.04553 0.000618827
-3.22024 -35.2003 -25.649
-1.01969 5.03759 0.00188332
-3.23618 -35.2749 -25.7101
-1.07463 5.02906 0.00314759
-3.25212 -35.3495 -25.7711
-1.12946 5.01994 0.00441149
-3.26807 -35.4241 -25.8321
-1.18415 5.01025 0.00567488
-3.28402 -35.4987 -25.8931
-1.23871 4.99997 0.00693762
-3.29998 -35.5733 -25.9541
-1.29312 4.98912 0.00819955
-3.31595 -35.6479 -26.0151
-1.34738 4.97769 0.00946054
-3.33192 -35.7225 -26.0762
-1.40149 4.96569 0.0107204
-3.3479 -35.7971 -26.1372
-1.45544 4.95312 0.0119791
-3.36388 -35.8717 -26.1982
-1.50922 4.93998 0.0132364
-3.37987 -35.9463 -26.2592
-1.56282 4.92627 0.0144922
-3.39586 -36.0209 -26.3203
-1.61625 4.912 0.0157463
-3.41186 -36.0955 -26.3813
-1.66949 4.89717 0.0169986
-3.42787 -36.1701 -26.4423
-1.72255 4.88178 0.018249
-3.44388 -36.2447 -26.5034
-1.77541 4.86584 0.0194973
-3.45989 -36.3193 -26.5644
-1.82806 4.84934 0.0207434
-3.47592 -36.3939 -26.6254
-1.88051 4.83229 0.0219871
-3.49195 -36.4684 -26.6865
-1.93274 4.8147 0.0232284
-3.50798 -36.543 -26.7475
-1.98476 4.79656 0.024467
-3.52402 -36.6176 -26.8086
-2.03655 4.77788 0.0257029
-3.54006 -36.6922 -26.8696
-2.08812 4.75866 0.0269358
-3.55611 -36.7668 -26.9307
-2.13944 4.7389 0.0281657
-3.57217 -36.8414 -26.9917
-2.19053 4.71861 0.0293925
-3.58823 -36.916 -27.0528
-2.24137 4.6978 0.030616
-3.6043 -36.9906 -27.1138
-2.29196 4.67645 0.031836
-3.62037 -37.0652 -27.1749
-2.3423 4.65459 0.0330525
-3.63645 -37.1398 -27.2359
-2.39237 4.6322 0.0342653
-3.65253 -37.2144 -27.297
-2.44218 4.6093 0.0354743
-3.66862 -37.289 -27.358
-2.49171 4.58589 0.0366793
-3.68472 -37.3636 -27.4191
-2.54097 4.56196 0.0378803
-3.70082 -37.4382 -27.4801
-2.58995 4.53753 0.039077
-3.71692 -37.5128 -27.5412
-2.63864 4.5126 0.0402694
-3.73303 -37.5874 -27.6023
-2.68704 4.48717 0.0414574
-3.74915 -37.662 -27.6633
-2.73514 4.46125 0.0426408
-3.76527 -37.7366 -27.7244
-2.78294 4.43483 0.0438195
-3.78139 -37.8112 -27.7855
-2.83043 4.40792 0.0449934
-3.79753 -37.8858 -27.8465
-2.87762 4.38053 0.0461623
-3.81366 -37.9604 -27.9076
-2.92448 4.35267 0.0473262
-3.82981 -38.035 -27.9687
-2.97103 4.32432 0.0484849
-3.84595 -38.1096 -28.0298
-3.01725 4.2955 0.0496383
-3.86211 -38.1842 -28.0908
-3.06315 4.26621 0.0507863
-3.87826 -38.2588 -28.1519
-3.10871 4.23646 0.0519287
-3.89443 -38.3334 -28.213
-3.15393 4.20624 0.0530655
-3.91059 -38.408 -28.2741
-3.19881 4.17557 0.0541965
-3.92677 -38.4826 -28.3352
-3.24334 4.14445 0.0553217
-3.94295 -38.5572 -28.3963
-3.28752 4.11288 0.0564408
-3.95913 -38.6318 -28.4573
-3.33134 4.08086 0.0575539
-3.97532 -38.7064 -28.5184
-3.37481 4.0484 0.0586607
-3.99151 -38.781 -28.5795
-3.41791 4.01551 0.0597612
-4.00771 -38.8556 -28.6406
-3.46064 3.98218 0.0608553
-4.02392 -38.9302 -28.7017
-3.503 3.94842 0.0619428
-4.04013 -39.0048 -28.7628
-3.54499 3.91424 0.0630237
-4.05634 -39.0794 -28.8239
-3.58659 3.87964 0.0640978
-4.07256 -39.154 -28.885
-3.62781 3.84463 0.0651651
-4.08878 -39.2286 -28.9461
-3.66864 3.8092 0.0662254
-4.10501 -39.3032 -29.0072
-3.70908 3.77337 0.0672786
-4.12125 -39.3778 -29.0683
-3.74913 3.73714 0.0683247
-4.13749 -39.4524 -29.1294
-3.78878 3.70051 0.0693634
-4.15373 -39.527 -29.1905
-3.82802 3.66348 0.0703948
-4.16998 -39.6016 -29.2516
-3.86686 3.62607 0.0714188
-4.18624 -39.6763 -29.3127
-3.90529 3.58827 0.0724352
-4.2025 -39.7509 -29.3739
-3.9433 3.55009 0.0734439
-4.21876 -39.8255 -29.435
-3.9809 3.51154 0.0744448
-4.23503 -39.9001 -29.4961
-4.01808 3.47261 0.0754379
