0 0.87539 656.542 0 656.542 
0.00997765 0.87539 656.542 -547.443 109.1 
0.0199553 0.87539 656.542 -546.619 109.923 
0.029933 0.87539 656.542 -546.674 109.868 
0.0399106 0.87539 656.542 -546.735 109.808 
0.0498883 0.87539 656.542 -546.799 109.743 
0.0598659 0.87539 656.542 -546.868 109.674 
0.0698436 0.87539 656.542 -546.942 109.6 
0.0798212 0.87539 656.542 -547.02 109.522 
0.0897989 0.87539 656.542 -547.102 109.44 
0.0997765 0.87539 656.542 -547.189 109.353 
0.109754 0.87539 656.542 -547.281 109.261 
0.119732 0.87539 656.542 -547.377 109.165 
0.129709 0.87539 656.542 -547.477 109.065 
0.139687 0.87539 656.542 -547.582 108.96 
0.149665 0.87539 656.542 -547.692 108.85 
0.159642 0.87539 656.542 -547.806 108.736 
0.16962 0.87539 656.542 -547.924 108.618 
0.179598 0.87539 656.542 -548.048 108.495 
0.189575 0.875389 656.542 -548.175 108.367 
0.199553 0.875386 656.54 -548.307 108.232 
0.209531 0.875376 656.532 -548.444 108.088 
0.219508 0.875356 656.517 -548.586 107.931 
0.229486 0.875329 656.497 -548.731 107.765 
0.239464 0.875293 656.47 -548.882 107.588 
0.249441 0.875244 656.433 -549.037 107.396 
0.259419 0.875182 656.387 -549.197 107.19 
0.269397 0.875104 656.328 -549.361 106.968 
0.279374 0.875004 656.253 -549.53 106.723 
0.289352 0.874879 656.159 -549.703 106.456 
0.29933 0.874727 656.045 -549.881 106.164 
0.309307 0.874548 655.911 -550.064 105.848 
0.319285 0.874345 655.759 -550.251 105.508 
0.329263 0.874112 655.584 -550.443 105.142 
0.33924 0.873859 655.394 -550.639 104.755 
0.349218 0.873583 655.187 -550.84 104.347 
0.359196 0.87327 654.952 -551.046 103.907 
0.369173 0.872925 654.694 -551.256 103.437 
0.379151 0.872553 654.414 -551.471 102.943 
0.389128 0.872157 654.118 -551.691 102.427 
0.399106 0.871737 653.803 -551.915 101.888 
0.409084 0.871286 653.464 -552.144 101.32 
0.419061 0.870804 653.103 -552.377 100.726 
0.429039 0.870298 652.724 -552.615 100.108 
0.439017 0.869767 652.325 -552.858 99.4671 
0.448994 0.869209 651.907 -553.106 98.8011 
0.458972 0.868629 651.472 -553.358 98.114 
0.46895 0.86803 651.023 -553.614 97.4084 
0.478927 0.86741 650.557 -553.876 96.6817 
0.488905 0.866765 650.074 -554.141 95.9322 
0.498883 0.866096 649.572 -554.412 95.1598 
0.50886 0.865404 649.053 -554.687 94.366 
0.518838 0.86469 648.518 -554.967 93.5507 
0.528816 0.863954 647.966 -555.252 92.7141 
0.538793 0.863198 647.398 -555.541 91.8576 
0.548771 0.862422 646.816 -555.835 90.9816 
0.558749 0.861627 646.22 -556.133 90.0873 
0.568726 0.860815 645.611 -556.436 89.1748 
0.578704 0.859975 644.981 -556.744 88.2372 
0.588682 0.859109 644.332 -557.056 87.2752 
0.598659 0.858224 643.668 -557.374 86.2946 
0.608637 0.857322 642.991 -557.695 85.296 
0.618615 0.856401 642.301 -558.022 84.2792 
0.628592 0.855461 641.596 -558.353 83.2432 
0.63857 0.854504 640.878 -558.688 82.1897 
0.648547 0.85353 640.148 -559.029 81.119 
0.658525 0.852538 639.404 -559.374 80.0302 
0.668503 0.851531 638.648 -559.723 78.9253 
0.67848 0.85051 637.883 -560.077 77.8052 
0.688458 0.849475 637.107 -560.436 76.6703 
0.698436 0.848426 636.319 -560.8 75.5193 
0.708413 0.84736 635.52 -561.168 74.3517 
0.718391 0.84628 634.71 -561.541 73.1693 
0.728369 0.845187 633.891 -561.918 71.9721 
0.738346 0.844081 633.061 -562.301 70.76 
0.748324 0.842961 632.221 -562.687 69.5336 
0.758302 0.841829 631.371 -563.079 68.2925 
0.768279 0.840684 630.513 -563.475 67.0378 
0.778257 0.839527 629.645 -563.876 65.7696 
0.788235 0.838358 628.769 -564.281 64.4873 
0.798212 0.837176 627.882 -564.691 63.1909 
0.80819 0.835982 626.987 -565.106 61.8805 
0.818168 0.834779 626.084 -565.526 60.5589 
0.828145 0.833568 625.176 -565.95 59.2267 
0.838123 0.832346 624.26 -566.378 57.8815 
0.848101 0.831114 623.335 -566.812 56.5235 
0.858078 0.82987 622.403 -567.25 55.1529 
0.868056 0.828618 621.463 -567.692 53.7709 
0.878034 0.827356 620.517 -568.14 52.3774 
0.888011 0.826085 619.564 -568.592 50.9718 
0.897989 0.824804 618.603 -569.048 49.5546 
0.907966 0.823514 617.636 -569.51 48.126 
0.917944 0.822216 616.662 -569.976 46.6865 
0.927922 0.82091 615.682 -570.446 45.2359 
0.937899 0.819594 614.695 -570.922 43.7736 
0.947877 0.818268 613.701 -571.402 42.2992 
0.957855 0.816934 612.7 -571.886 40.8138 
0.967832 0.815592 611.694 -572.376 39.3181 
0.97781 0.81424 610.68 -572.87 37.8106 
0.987788 0.812879 609.659 -573.368 36.291 
0.997765 0.811507 608.631 -573.871 34.7592 
1.00774 0.810127 607.595 -574.379 33.2161 
1.01772 0.808739 606.555 -574.892 31.6627 
1.0277 0.807344 605.508 -575.409 30.0991 
1.03768 0.80594 604.455 -575.931 28.5241 
1.04765 0.804525 603.393 -576.457 26.936 
1.05763 0.8031 602.325 -576.989 25.3365 
1.06761 0.801669 601.252 -577.524 23.7273 
1.07759 0.80023 600.173 -578.065 22.1079 
1.08756 0.798784 599.088 -578.61 20.4777 
1.09754 0.797329 597.997 -579.16 18.8368 
1.10752 0.795867 596.9 -579.714 17.186 
1.1175 0.794397 595.798 -580.273 15.5246 
1.12747 0.79292 594.69 -580.837 13.8533 
1.13745 0.791436 593.577 -581.405 12.1721 
1.14743 0.789946 592.459 -581.978 10.4809 
1.15741 0.788448 591.336 -582.556 8.77996 
1.16739 0.786943 590.207 -583.138 7.06886 
1.17736 0.78543 589.072 -583.725 5.34731 
1.18734 0.78391 587.932 -584.317 3.61595 
1.19732 0.782384 586.788 -584.913 1.87532 
1.2073 0.780851 585.638 -585.513 0.125028 
1.21727 0.779312 584.484 -586.119 -1.63513 
1.22725 0.777765 583.324 -586.729 -3.40472 
1.23723 0.776213 582.16 -587.343 -5.18391 
1.24721 0.774653 580.99 -587.963 -6.97302 
1.25718 0.773086 579.814 -588.587 -8.77223 
1.26716 0.771511 578.633 -589.215 -10.582 
1.27714 0.769929 577.447 -589.848 -12.4012 
1.28712 0.768342 576.256 -590.486 -14.2293 
1.29709 0.766748 575.061 -591.128 -16.067 
1.30707 0.765146 573.86 -591.775 -17.9149 
1.31705 0.763538 572.654 -592.426 -19.7722 
1.32703 0.761924 571.443 -593.082 -21.6388 
1.33701 0.760304 570.228 -593.743 -23.5147 
1.34698 0.758676 569.007 -594.408 -25.4003 
1.35696 0.757043 567.782 -595.077 -27.295 
1.36694 0.755404 566.553 -595.751 -29.1983 
1.37692 0.753759 565.319 -596.43 -31.111 
1.38689 0.752107 564.08 -597.113 -33.0332 
1.39687 0.750449 562.837 -597.801 -34.9646 
1.40685 0.748785 561.589 -598.494 -36.905 
1.41683 0.747115 560.336 -599.19 -38.8539 
1.4268 0.74544 559.08 -599.892 -40.8118 
1.43678 0.743758 557.818 -600.597 -42.7789 
1.44676 0.74207 556.552 -601.308 -44.7552 
1.45674 0.740375 555.282 -602.022 -46.7407 
1.46672 0.738675 554.006 -602.741 -48.7352 
1.47669 0.736968 552.726 -603.465 -50.7395 
1.48667 0.735252 551.439 -604.193 -52.7539 
1.49665 0.733532 550.149 -604.926 -54.7768 
1.50663 0.731806 548.854 -605.663 -56.8081 
1.5166 0.730074 547.556 -606.404 -58.848 
1.52658 0.728338 546.254 -607.149 -60.8957 
1.53656 0.726597 544.948 -607.899 -62.9515 
1.54654 0.724851 543.638 -608.654 -65.0158 
1.55651 0.723098 542.324 -609.413 -67.0887 
1.56649 0.721341 541.006 -610.176 -69.1697 
1.57647 0.719578 539.684 -610.943 -71.2591 
1.58645 0.71781 538.358 -611.715 -73.3568 
1.59642 0.716038 537.028 -612.49 -75.4622 
1.6064 0.714261 535.696 -613.271 -77.575 
1.61638 0.712479 534.359 -614.055 -79.696 
1.62636 0.710691 533.018 -614.844 -81.8253 
1.63634 0.708898 531.674 -615.636 -83.9627 
1.64631 0.707101 530.326 -616.433 -86.1078 
1.65629 0.705298 528.974 -617.235 -88.261 
1.66627 0.703491 527.618 -618.04 -90.4221 
1.67625 0.701678 526.258 -618.849 -92.5911 
1.68622 0.69986 524.895 -619.663 -94.7682 
1.6962 0.698037 523.528 -620.481 -96.953 
1.70618 0.69621 522.157 -621.302 -99.145 
1.71616 0.694379 520.784 -622.128 -101.344 
1.72613 0.692543 519.407 -622.958 -103.55 
1.73611 0.690702 518.027 -623.791 -105.765 
1.74609 0.688856 516.642 -624.629 -107.987 
1.75607 0.687007 515.255 -625.471 -110.216 
1.76604 0.685153 513.864 -626.316 -112.452 
1.77602 0.683294 512.471 -627.165 -114.695 
1.786 0.68143 511.073 -628.019 -116.946 
1.79598 0.679561 509.671 -628.876 -119.204 
1.80596 0.677689 508.267 -629.736 -121.47 
1.81593 0.675813 506.86 -630.601 -123.741 
1.82591 0.673934 505.45 -631.469 -126.019 
1.83589 0.672052 504.039 -632.341 -128.302 
1.84587 0.670166 502.624 -633.217 -130.592 
1.85584 0.668275 501.206 -634.096 -132.89 
1.86582 0.666381 499.786 -634.978 -135.193 
1.8758 0.664483 498.362 -635.865 -137.502 
1.88578 0.662582 496.937 -636.754 -139.818 
1.89575 0.660678 495.509 -637.648 -142.139 
1.90573 0.65877 494.078 -638.544 -144.467 
1.91571 0.656859 492.644 -639.444 -146.8 
1.92569 0.654946 491.209 -640.348 -149.138 
1.93566 0.653029 489.772 -641.254 -151.482 
1.94564 0.65111 488.333 -642.164 -153.832 
1.95562 0.649188 486.891 -643.077 -156.186 
1.9656 0.647263 485.447 -643.994 -158.547 
1.97558 0.645334 484 -644.913 -160.913 
1.98555 0.643401 482.551 -645.835 -163.284 
1.99553 0.641466 481.099 -646.761 -165.661 
2.00551 0.639528 479.646 -647.689 -168.043 
2.01549 0.637588 478.191 -648.62 -170.43 
2.02546 0.635645 476.734 -649.555 -172.821 
2.03544 0.633699 475.274 -650.492 -175.217 
2.04542 0.63175 473.813 -651.432 -177.619 
2.0554 0.629799 472.349 -652.374 -180.025 
2.06537 0.627845 470.884 -653.319 -182.435 
2.07535 0.625889 469.417 -654.267 -184.85 
2.08533 0.62393 467.948 -655.217 -187.269 
2.09531 0.62197 466.478 -656.17 -189.692 
2.10528 0.620008 465.006 -657.125 -192.119 
2.11526 0.618043 463.532 -658.083 -194.55 
2.12524 0.616076 462.057 -659.042 -196.985 
2.13522 0.614107 460.58 -660.004 -199.424 
2.1452 0.612137 459.102 -660.969 -201.866 
2.15517 0.610165 457.623 -661.935 -204.311 
2.16515 0.608192 456.144 -662.903 -206.759 
2.17513 0.606218 454.664 -663.873 -209.21 
2.18511 0.604242 453.182 -664.845 -211.664 
2.19508 0.602265 451.699 -665.819 -214.12 
2.20506 0.600288 450.216 -666.795 -216.579 
2.21504 0.59831 448.732 -667.772 -219.04 
2.22502 0.59633 447.248 -668.751 -221.503 
2.23499 0.594351 445.764 -669.731 -223.968 
2.24497 0.592373 444.28 -670.713 -226.434 
2.25495 0.590394 442.795 -671.696 -228.901 
2.26493 0.588415 441.311 -672.681 -231.369 
2.27491 0.586436 439.827 -673.666 -233.839 
2.28488 0.584457 438.342 -674.653 -236.311 
2.29486 0.582477 436.858 -675.641 -238.783 
2.30484 0.580498 435.374 -676.63 -241.256 
2.31482 0.578519 433.89 -677.619 -243.73 
2.32479 0.576541 432.406 -678.609 -246.204 
2.33477 0.574565 430.923 -679.601 -248.677 
2.34475 0.57259 429.443 -680.592 -251.15 
2.35473 0.570616 427.962 -681.584 -253.622 
2.3647 0.568643 426.482 -682.577 -256.095 
2.37468 0.566671 425.003 -683.57 -258.567 
2.38466 0.5647 423.525 -684.563 -261.038 
2.39464 0.56273 422.048 -685.556 -263.509 
2.40461 0.560763 420.572 -686.55 -265.978 
2.41459 0.558798 419.098 -687.543 -268.445 
2.42457 0.556835 417.626 -688.537 -270.91 
2.43455 0.554876 416.157 -689.53 -273.373 
2.44453 0.552921 414.691 -690.522 -275.832 
2.4545 0.550969 413.227 -691.515 -278.288 
2.46448 0.549021 411.766 -692.507 -280.741 
2.47446 0.547074 410.306 -693.498 -283.192 
2.48444 0.54513 408.847 -694.489 -285.641 
2.49441 0.543189 407.392 -695.478 -288.087 
2.50439 0.541252 405.939 -696.467 -290.528 
2.51437 0.539319 404.489 -697.455 -292.966 
2.52435 0.53739 403.042 -698.442 -295.4 
2.53432 0.535464 401.598 -699.428 -297.83 
2.5443 0.533542 400.157 -700.412 -300.256 
2.55428 0.531624 398.718 -701.395 -302.677 
2.56426 0.529711 397.283 -702.377 -305.094 
2.57423 0.527802 395.851 -703.357 -307.505 
2.58421 0.525898 394.424 -704.335 -309.911 
2.59419 0.523999 392.999 -705.311 -312.312 
2.60417 0.522106 391.579 -706.286 -314.707 
2.61415 0.520219 390.164 -707.259 -317.094 
2.62412 0.518337 388.753 -708.229 -319.476 
2.6341 0.516462 387.346 -709.197 -321.851 
2.64408 0.514591 385.943 -710.163 -324.22 
2.65406 0.512726 384.544 -711.127 -326.583 
2.66403 0.510866 383.149 -712.088 -328.939 
2.67401 0.509013 381.76 -713.046 -331.287 
2.68399 0.507167 380.376 -714.002 -333.627 
2.69397 0.505321 378.991 -716.331 -337.339 
2.70394 0.503475 377.607 -717.29 -339.683 
2.71392 0.501637 376.228 -718.246 -342.019 
2.7239 0.499806 374.854 -719.2 -344.345 
2.73388 0.497982 373.486 -720.15 -346.663 
2.74385 0.496164 372.123 -721.096 -348.973 
2.75383 0.494353 370.765 -722.04 -351.275 
2.76381 0.492548 369.411 -722.979 -353.569 
2.77379 0.490749 368.062 -723.916 -355.854 
2.78377 0.48896 366.72 -724.848 -358.128 
2.79374 0.487179 365.385 -725.776 -360.392 
2.80372 0.485408 364.056 -726.701 -362.645 
2.8137 0.483644 362.733 -727.622 -364.888 
2.82368 0.481889 361.417 -728.538 -367.121 
2.83365 0.480143 360.108 -729.45 -369.343 
2.84363 0.478405 358.804 -730.358 -371.554 
2.85361 0.476674 357.506 -731.261 -373.756 
2.86359 0.474952 356.214 -732.16 -375.947 
2.87356 0.473237 354.928 -733.055 -378.127 
2.88354 0.471534 353.651 -733.944 -380.293 
2.89352 0.469847 352.385 -735.015 -382.63 
2.9035 0.468171 351.128 -735.895 -384.767 
2.91347 0.466504 349.878 -736.77 -386.892 
2.92345 0.464847 348.635 -737.639 -389.004 
2.93343 0.463201 347.401 -738.504 -391.103 
2.94341 0.461565 346.173 -739.363 -393.189 
2.95339 0.459939 344.954 -740.217 -395.262 
2.96336 0.458324 343.743 -741.065 -397.322 
2.97334 0.456719 342.539 -741.908 -399.369 
2.98332 0.455123 341.342 -742.746 -401.403 
2.9933 0.453539 340.154 -743.577 -403.423 
3.00327 0.451967 338.975 -744.403 -405.428 
3.01325 0.450405 337.803 -745.223 -407.42 
3.02323 0.448853 336.64 -746.037 -409.397 
3.03321 0.447313 335.485 -746.845 -411.361 
3.04318 0.445783 334.337 -747.647 -413.31 
3.05316 0.444263 333.198 -748.443 -415.246 
3.06314 0.442755 332.066 -749.233 -417.167 
3.07312 0.441258 330.943 -750.016 -419.073 
3.08309 0.439775 329.831 -750.793 -420.962 
3.09307 0.438306 328.73 -751.564 -422.834 
3.10305 0.436849 327.637 -752.327 -424.691 
3.11303 0.435403 326.552 -753.085 -426.533 
3.12301 0.433967 325.475 -753.836 -428.36 
3.13298 0.432542 324.407 -754.58 -430.173 
3.14296 0.431129 323.347 -755.317 -431.97 
3.15294 0.429727 322.295 -756.047 -433.752 
3.16292 0.428338 321.254 -756.771 -435.517 
3.17289 0.426968 320.226 -757.487 -437.261 
3.18287 0.425616 319.212 -758.197 -438.985 
3.19285 0.424276 318.207 -758.899 -440.692 
3.20283 0.422949 317.212 -759.594 -442.383 
3.2128 0.421635 316.226 -760.283 -444.056 
3.22278 0.420336 315.252 -760.963 -445.712 
3.23276 0.419054 314.29 -761.637 -447.347 
3.24274 0.417786 313.34 -762.303 -448.963 
3.25272 0.416528 312.396 -762.962 -450.566 
3.26269 0.415281 311.461 -763.613 -452.153 
3.27267 0.414051 310.538 -764.257 -453.719 
3.28265 0.41284 309.63 -764.894 -455.264 
3.29263 0.411641 308.731 -765.523 -456.792 
3.3026 0.410459 307.844 -766.144 -458.3 
3.31258 0.409294 306.971 -766.758 -459.787 
3.32256 0.408142 306.107 -767.364 -461.257 
3.33254 0.407003 305.252 -767.962 -462.71 
3.34251 0.405877 304.408 -768.553 -464.145 
3.35249 0.404765 303.574 -769.135 -465.561 
3.36247 0.403668 302.751 -769.71 -466.96 
3.37245 0.402584 301.938 -770.278 -468.34 
3.38242 0.401512 301.134 -770.837 -469.703 
3.3924 0.400453 300.34 -771.389 -471.049 
3.40238 0.399406 299.555 -771.932 -472.378 
3.41236 0.398372 298.779 -772.468 -473.689 
3.42234 0.39735 298.013 -772.996 -474.983 
3.43231 0.396342 297.257 -773.535 -476.278 
3.44229 0.395347 296.51 -774.047 -477.537 
3.45227 0.394365 295.774 -774.551 -478.777 
3.46225 0.393397 295.047 -775.047 -480 
3.47222 0.392442 294.332 -775.535 -481.204 
3.4822 0.391503 293.627 -776.016 -482.389 
3.49218 0.390576 292.932 -776.488 -483.556 
3.50216 0.389663 292.247 -776.952 -484.705 
3.51213 0.388763 291.572 -777.408 -485.836 
3.52211 0.387876 290.907 -777.857 -486.95 
3.53209 0.387002 290.252 -778.297 -488.046 
3.54207 0.386139 289.605 -778.729 -489.125 
3.55204 0.385289 288.966 -779.154 -490.188 
3.56202 0.38445 288.338 -779.57 -491.233 
3.572 0.383624 287.718 -779.979 -492.261 
3.58198 0.382809 287.107 -780.379 -493.273 
3.59196 0.382004 286.503 -780.772 -494.269 
3.60193 0.381212 285.909 -781.157 -495.248 
3.61191 0.380434 285.326 -781.534 -496.208 
3.62189 0.379672 284.754 -781.903 -497.149 
3.63187 0.378922 284.192 -782.264 -498.072 
3.64184 0.378185 283.639 -782.617 -498.978 
3.65182 0.377461 283.096 -782.962 -499.866 
3.6618 0.376752 282.564 -783.3 -500.736 
3.67178 0.376058 282.044 -783.629 -501.586 
3.68175 0.37538 281.535 -783.951 -502.416 
3.69173 0.374714 281.036 -784.265 -503.23 
3.70171 0.37406 280.545 -784.572 -504.027 
3.71169 0.373418 280.063 -784.87 -504.807 
3.72166 0.372788 279.591 -785.162 -505.57 
3.73164 0.372171 279.128 -785.445 -506.317 
3.74162 0.371567 278.675 -785.721 -507.046 
3.7516 0.370975 278.232 -785.989 -507.757 
3.76158 0.370397 277.798 -786.249 -508.451 
3.77155 0.36983 277.373 -786.503 -509.13 
3.78153 0.369273 276.955 -786.748 -509.793 
3.79151 0.368729 276.547 -786.986 -510.439 
3.80149 0.368198 276.149 -787.217 -511.068 
3.81146 0.367679 275.759 -787.44 -511.681 
3.82144 0.367173 275.38 -787.656 -512.277 
3.83142 0.366679 275.009 -787.865 -512.856 
3.8414 0.366195 274.646 -788.066 -513.42 
3.85137 0.365722 274.291 -788.261 -513.969 
3.86135 0.365261 273.946 -788.448 -514.502 
3.87133 0.364813 273.61 -788.628 -515.018 
3.88131 0.364375 273.281 -788.8 -515.519 
3.89128 0.363949 272.961 -788.966 -516.005 
3.90126 0.363537 272.653 -789.125 -516.472 
3.91124 0.363142 272.357 -789.277 -516.92 
3.92122 0.362763 272.073 -789.422 -517.35 
3.9312 0.362396 271.797 -789.56 -517.763 
3.94117 0.362043 271.533 -789.692 -518.159 
3.95115 0.361703 271.277 -789.817 -518.539 
3.96113 0.361371 271.028 -789.935 -518.907 
3.97111 0.361046 270.785 -790.047 -519.262 
3.98108 0.360732 270.549 -790.152 -519.603 
3.99106 0.360428 270.321 -790.25 -519.93 
4.00104 0.360135 270.101 -790.343 -520.242 
4.01102 0.359853 269.89 -790.428 -520.538 
4.02099 0.359584 269.688 -790.508 -520.82 
4.03097 0.359325 269.494 -790.581 -521.087 
4.04095 0.359077 269.307 -790.648 -521.341 
4.05093 0.358837 269.128 -790.709 -521.582 
4.0609 0.358608 268.956 -790.764 -521.808 
4.07088 0.35839 268.793 -790.813 -522.02 
4.08086 0.358182 268.637 -790.856 -522.219 
4.09084 0.357982 268.487 -790.892 -522.405 
4.10082 0.357791 268.343 -790.923 -522.58 
4.11079 0.357609 268.207 -790.948 -522.742 
4.12077 0.357435 268.076 -790.968 -522.891 
4.13075 0.357272 267.954 -790.981 -523.027 
4.14073 0.357114 267.835 -792.746 -524.911 
4.1507 0.35696 267.72 -792.754 -525.034 
4.16068 0.356817 267.613 -792.757 -525.144 
4.17066 0.356683 267.512 -792.754 -525.241 
4.18064 0.35656 267.42 -792.745 -525.325 
4.19061 0.356446 267.335 -792.731 -525.396 
4.20059 0.356342 267.256 -792.711 -525.455 
4.21057 0.356248 267.186 -792.687 -525.501 
4.22055 0.35616 267.12 -789.991 -522.871 
4.23053 0.356077 267.058 -789.916 -522.857 
4.2405 0.356003 267.002 -789.884 -522.881 
4.25048 0.355937 266.953 -789.847 -522.894 
4.26046 0.355879 266.909 -789.805 -522.895 
4.27044 0.355831 266.873 -789.758 -522.885 
4.28041 0.355791 266.843 -789.706 -522.863 
4.29039 0.355759 266.819 -789.649 -522.83 
4.30037 0.355735 266.801 -789.588 -522.787 
4.31035 0.35571 266.782 -789.522 -522.74 
4.32032 0.355684 266.763 -789.452 -522.689 
4.3303 0.355667 266.75 -789.377 -522.626 
4.34028 0.355657 266.743 -789.297 -522.555 
4.35026 0.355653 266.74 -789.213 -522.474 
4.36023 0.355656 266.742 -789.125 -522.383 
4.37021 0.355665 266.749 -789.027 -522.279 
4.38019 0.355681 266.761 -788.931 -522.17 
4.39017 0.355704 266.778 -788.83 -522.052 
4.40015 0.355733 266.8 -788.725 -521.925 
4.41012 0.355768 266.826 -788.616 -521.79 
4.4201 0.355809 266.857 -788.503 -521.646 
4.43008 0.355858 266.894 -788.386 -521.492 
4.44006 0.355915 266.936 -788.265 -521.329 
4.45003 0.355975 266.982 -788.14 -521.159 
4.46001 0.35604 267.03 -788.012 -520.982 
4.46999 0.35611 267.082 -787.88 -520.798 
4.47997 0.356186 267.139 -787.744 -520.605 
4.48994 0.356265 267.199 -787.605 -520.406 
4.49992 0.356346 267.26 -787.462 -520.202 
4.5099 0.35643 267.322 -787.316 -519.994 
4.51988 0.356516 267.387 -787.212 -519.824 
4.52985 0.356609 267.457 -787.059 -519.603 
4.53983 0.356698 267.523 -786.903 -519.38 
4.54981 0.356783 267.587 -786.744 -519.157 
4.55979 0.356872 267.654 -786.582 -518.928 
4.56977 0.356967 267.725 -786.417 -518.692 
4.57974 0.357067 267.801 -786.249 -518.448 
4.58972 0.357173 267.88 -786.078 -518.198 
4.5997 0.357278 267.958 -785.904 -517.945 
4.60968 0.357378 268.034 -785.727 -517.694 
4.61965 0.357481 268.111 -785.548 -517.437 
4.62963 0.35759 268.192 -785.366 -517.173 
4.63961 0.357704 268.278 -785.181 -516.903 
4.64959 0.357826 268.369 -784.994 -516.624 
4.65956 0.357948 268.461 -784.804 -516.343 
4.66954 0.358065 268.549 -784.611 -516.062 
4.67952 0.358183 268.637 -784.417 -515.779 
4.6895 0.358305 268.728 -784.22 -515.491 
4.69947 0.358432 268.824 -784.02 -515.196 
4.70945 0.358564 268.923 -783.819 -514.895 
4.71943 0.3587 269.025 -783.615 -514.59 
4.72941 0.358841 269.131 -783.409 -514.278 
4.73939 0.358986 269.239 -783.201 -513.962 
4.74936 0.359135 269.351 -782.991 -513.64 
4.75934 0.359286 269.465 -782.779 -513.315 
4.76932 0.359441 269.581 -782.565 -512.984 
4.7793 0.359602 269.702 -782.35 -512.648 
4.78927 0.359764 269.823 -782.133 -512.309 
4.79925 0.359923 269.942 -781.913 -511.972 
4.80923 0.360081 270.06 -781.693 -511.632 
4.81921 0.360243 270.182 -781.47 -511.288 
4.82918 0.360398 270.299 -781.246 -510.948 
4.83916 0.360545 270.409 -781.021 -510.612 
4.84914 0.360695 270.521 -780.794 -510.273 
4.85912 0.360848 270.636 -780.566 -509.93 
4.86909 0.361005 270.754 -780.336 -509.582 
4.87907 0.361161 270.871 -780.105 -509.234 
4.88905 0.361318 270.988 -779.873 -508.884 
4.89903 0.36148 271.11 -779.639 -508.529 
4.90901 0.361648 271.236 -779.405 -508.169 
4.91898 0.361819 271.365 -779.169 -507.804 
4.92896 0.361993 271.495 -778.932 -507.437 
4.93894 0.362172 271.629 -778.694 -507.065 
4.94892 0.362356 271.767 -778.455 -506.688 
4.95889 0.362545 271.908 -778.216 -506.307 
4.96887 0.362726 272.045 -777.975 -505.93 
4.97885 0.362901 272.176 -777.734 -505.557 
4.98883 0.36308 272.31 -777.491 -505.181 
4.9988 0.363262 272.447 -777.248 -504.801 
5.00878 0.363441 272.581 -777.004 -504.424 
5.01876 0.363617 272.713 -776.76 -504.047 
5.02874 0.363794 272.845 -776.515 -503.67 
5.03872 0.36397 272.977 -776.269 -503.292 
5.04869 0.364149 273.112 -776.023 -502.911 
5.05867 0.364325 273.244 -775.776 -502.532 
5.06865 0.364499 273.374 -775.528 -502.154 
5.07863 0.36467 273.503 -775.28 -501.778 
5.0886 0.36484 273.63 -775.032 -501.402 
5.09858 0.365013 273.76 -774.783 -501.023 
5.10856 0.36519 273.892 -774.534 -500.642 
5.11854 0.365369 274.027 -774.284 -500.257 
5.12851 0.365552 274.164 -774.034 -499.871 
5.13849 0.365737 274.302 -773.784 -499.482 
5.14847 0.365923 274.443 -773.534 -499.091 
5.15845 0.366111 274.583 -773.283 -498.7 
5.16842 0.366298 274.723 -773.032 -498.309 
5.1784 0.366484 274.863 -772.781 -497.918 
5.18838 0.366672 275.004 -772.53 -497.526 
5.19836 0.366863 275.147 -772.278 -497.131 
5.20834 0.367055 275.291 -772.027 -496.735 
5.21831 0.367245 275.434 -771.775 -496.341 
5.22829 0.36743 275.572 -771.523 -495.951 
5.23827 0.367613 275.71 -771.271 -495.561 
5.24825 0.367791 275.844 -771.019 -495.175 
5.25822 0.367966 275.974 -770.767 -494.793 
5.2682 0.368143 276.107 -770.515 -494.408 
5.27818 0.368323 276.242 -770.263 -494.021 
5.28816 0.368505 276.379 -770.011 -493.633 
5.29813 0.368688 276.516 -769.759 -493.243 
5.30811 0.368872 276.654 -769.507 -492.853 
5.31809 0.369051 276.788 -769.256 -492.468 
5.32807 0.369226 276.919 -769.004 -492.085 
5.33804 0.369403 277.053 -768.752 -491.7 
5.34802 0.369584 277.188 -768.501 -491.313 
5.358 0.369764 277.323 -768.25 -490.926 
5.36798 0.369944 277.458 -767.999 -490.54 
5.37796 0.370122 277.591 -767.748 -490.156 
5.38793 0.370297 277.723 -767.497 -489.774 
5.39791 0.370471 277.853 -764.575 -486.722 
5.40789 0.370643 277.982 -764.33 -486.348 
5.41787 0.370815 278.111 -764.086 -485.974 
5.42784 0.370986 278.24 -763.842 -485.602 
5.43782 0.371157 278.368 -763.598 -485.23 
5.4478 0.371329 278.497 -763.355 -484.858 
5.45778 0.3715 278.625 -763.111 -484.486 
5.46775 0.371674 278.756 -762.868 -484.112 
5.47773 0.371852 278.889 -762.625 -483.736 
5.48771 0.372032 279.024 -762.382 -483.359 
5.49769 0.372214 279.16 -762.14 -482.979 
5.50766 0.372396 279.297 -761.897 -482.6 
5.51764 0.372577 279.433 -761.655 -482.222 
5.52762 0.372759 279.569 -761.413 -481.844 
5.5376 0.372942 279.706 -761.172 -481.466 
5.54758 0.373121 279.841 -760.93 -481.09 
5.55755 0.373295 279.971 -760.689 -480.718 
5.56753 0.373469 280.102 -760.449 -480.347 
5.57751 0.373645 280.234 -760.208 -479.974 
5.58749 0.373821 280.366 -759.968 -479.602 
5.59746 0.373995 280.496 -759.728 -479.232 
5.60744 0.374167 280.625 -759.488 -478.863 
5.61742 0.374337 280.753 -759.249 -478.496 
5.6274 0.374509 280.881 -759.01 -478.129 
5.63737 0.374682 281.012 -758.772 -477.76 
5.64735 0.374858 281.144 -758.534 -477.39 
5.65733 0.375035 281.276 -758.296 -477.02 
5.66731 0.375212 281.409 -758.059 -476.65 
5.67728 0.37539 281.543 -757.822 -476.279 
5.68726 0.375572 281.679 -757.586 -475.907 
5.69724 0.375756 281.817 -757.35 -475.533 
5.70722 0.37594 281.955 -757.114 -475.159 
5.7172 0.376128 282.096 -756.879 -474.783 
5.72717 0.376318 282.239 -756.644 -474.405 
5.73715 0.376511 282.383 -756.41 -474.027 
5.74713 0.376705 282.528 -756.176 -473.647 
5.75711 0.376898 282.673 -755.943 -473.269 
5.76708 0.377095 282.821 -755.71 -472.889 
5.77706 0.377296 282.972 -755.477 -472.505 
5.78704 0.377499 283.124 -755.245 -472.121 
5.79702 0.377705 283.278 -755.014 -471.735 
5.80699 0.377911 283.433 -754.783 -471.349 
5.81697 0.378115 283.586 -754.552 -470.966 
5.82695 0.378316 283.737 -754.322 -470.585 
5.83693 0.378516 283.887 -754.093 -470.206 
5.8469 0.378714 284.035 -753.864 -469.829 
5.85688 0.3789 284.175 -753.636 -469.46 
5.86686 0.379077 284.308 -753.408 -469.1 
5.87684 0.379256 284.442 -753.18 -468.738 
5.88682 0.379435 284.576 -751.332 -466.755 
5.89679 0.379611 284.708 -749.24 -464.532 
5.90677 0.379778 284.834 -749.018 -464.185 
5.91675 0.379937 284.953 -748.798 -463.845 
5.92673 0.380092 285.069 -748.578 -463.509 
5.9367 0.380239 285.179 -748.358 -463.178 
5.94668 0.380382 285.287 -748.139 -462.852 
5.95666 0.380527 285.395 -747.92 -462.524 
5.96664 0.380672 285.504 -747.701 -462.197 
5.97661 0.380818 285.613 -747.483 -461.87 
5.98659 0.380963 285.722 -747.265 -461.543 
5.99657 0.381107 285.831 -747.047 -461.217 
6.00655 0.381251 285.938 -746.83 -460.892 
6.01653 0.381396 286.047 -746.614 -460.567 
6.0265 0.381542 286.157 -746.397 -460.241 
6.03648 0.381689 286.267 -746.181 -459.914 
6.04646 0.381837 286.378 -745.966 -459.588 
6.05644 0.381987 286.49 -745.751 -459.26 
6.06641 0.382139 286.605 -745.536 -458.931 
6.07639 0.382291 286.718 -745.321 -458.603 
6.08637 0.38244 286.83 -745.107 -458.278 
6.09635 0.382587 286.94 -744.894 -457.953 
6.10632 0.382736 287.052 -744.681 -457.629 
6.1163 0.382884 287.163 -744.468 -457.304 
6.12628 0.383031 287.273 -744.255 -456.982 
6.13626 0.383176 287.382 -744.043 -456.661 
6.14623 0.383324 287.493 -743.831 -456.339 
6.15621 0.383474 287.605 -545.251 -257.646 
6.16619 0.383626 287.72 -540.957 -253.237 
6.17617 0.383779 287.834 -536.785 -248.95 
6.18615 0.38393 287.947 -532.739 -244.792 
6.19612 0.384079 288.06 -528.825 -240.765 
6.2061 0.384228 288.171 -525.046 -236.875 
6.21608 0.384374 288.28 -521.408 -233.128 
6.22606 0.384519 288.389 -517.915 -229.526 
6.23603 0.384665 288.499 -514.571 -226.072 
6.24601 0.384809 288.607 -511.38 -222.773 
6.25599 0.384949 288.712 -508.346 -219.634 
6.26597 0.385088 288.816 -505.472 -216.656 
6.27594 0.385225 288.919 -502.763 -213.844 
6.28592 0.385362 289.021 -500.22 -211.199 
6.2959 0.3855 289.125 -497.848 -208.723 
6.30588 0.385634 289.226 -495.648 -206.423 
6.31585 0.385764 289.323 -493.624 -204.301 
6.32583 0.385896 289.422 -491.778 -202.356 
6.33581 0.386027 289.52 -490.112 -200.591 
6.34579 0.386158 289.619 -488.627 -199.008 
6.35577 0.386291 289.718 -487.325 -197.607 
6.36574 0.386425 289.819 -486.209 -196.39 
6.37572 0.386561 289.921 -485.277 -195.356 
6.3857 0.386699 290.024 -484.533 -194.508 
6.39568 0.386837 290.128 -483.975 -193.847 
6.40565 0.386972 290.229 -483.604 -193.375 
6.41563 0.387104 290.328 -483.422 -193.093 
6.42561 0.387237 290.428 -483.426 -192.998 
6.43559 0.387372 290.529 -483.283 -192.754 
6.44556 0.387509 290.632 -483.664 -193.033 
6.45554 0.387649 290.737 -484.232 -193.495 
6.46552 0.387791 290.843 -484.984 -194.14 
6.4755 0.387934 290.95 -485.919 -194.969 
6.48547 0.388076 291.057 -487.036 -195.979 
6.49545 0.388217 291.162 -488.333 -197.17 
6.50543 0.388357 291.268 -489.807 -198.539 
6.51541 0.388496 291.372 -491.455 -200.083 
6.52539 0.388635 291.476 -493.149 -201.673 
6.53536 0.388773 291.58 -496.088 -204.508 
6.54534 0.38891 291.682 -498.248 -206.566 
6.55532 0.389047 291.785 -500.571 -208.786 
6.5653 0.389182 291.887 -503.053 -211.167 
6.57527 0.389316 291.987 -505.691 -213.705 
6.58525 0.38945 292.088 -508.482 -216.394 
6.59523 0.389588 292.191 -511.42 -219.23 
6.60521 0.389725 292.293 -514.503 -222.209 
6.61518 0.389862 292.396 -517.725 -225.328 
6.62516 0.390001 292.501 -521.082 -228.581 
6.63514 0.390142 292.607 -524.569 -231.962 
6.64512 0.390283 292.713 -528.182 -235.469 
6.65509 0.390418 292.813 -531.915 -239.102 
6.66507 0.390547 292.91 -535.765 -242.855 
6.67505 0.390677 293.007 -539.725 -246.717 
6.68503 0.390807 293.105 -543.791 -250.685 
6.69501 0.390938 293.204 -547.957 -254.753 
6.70498 0.39107 293.302 -552.218 -258.916 
6.71496 0.391203 293.402 -556.568 -263.166 
6.72494 0.391338 293.503 -561.003 -267.5 
6.73492 0.391473 293.605 -565.517 -271.913 
6.74489 0.391605 293.704 -570.105 -276.401 
6.75487 0.391735 293.801 -574.76 -280.959 
6.76485 0.391867 293.9 -579.477 -285.577 
6.77483 0.392003 294.002 -584.252 -290.25 
6.7848 0.392137 294.103 -589.078 -294.974 
6.79478 0.39227 294.203 -593.949 -299.747 
6.80476 0.3924 294.3 -596.733 -302.433 
6.81474 0.392525 294.394 -601.651 -307.257 
6.82472 0.392646 294.485 -606.63 -312.145 
6.83469 0.392766 294.575 -612.214 -317.64 
6.84467 0.392886 294.665 -617.238 -322.574 
6.85465 0.393007 294.756 -622.277 -327.521 
6.86463 0.393129 294.847 -627.325 -332.478 
6.8746 0.393253 294.94 -632.377 -337.436 
6.88458 0.393379 295.035 -637.428 -342.393 
6.89456 0.393503 295.127 -642.474 -347.347 
6.90454 0.393623 295.217 -647.51 -352.293 
6.91451 0.393743 295.307 -652.531 -357.224 
6.92449 0.393865 295.399 -657.533 -362.135 
6.93447 0.39399 295.492 -662.512 -367.02 
6.94445 0.394113 295.585 -667.463 -371.878 
6.95442 0.394234 295.675 -672.383 -376.708 
6.9644 0.394354 295.766 -677.267 -381.501 
6.97438 0.394474 295.856 -682.111 -386.255 
6.98436 0.394595 295.946 -686.912 -390.966 
6.99434 0.394719 296.039 -691.667 -395.628 
7.00431 0.394846 296.135 -696.372 -400.237 
7.01429 0.394975 296.231 -701.023 -404.792 
7.02427 0.395104 296.328 -705.618 -409.29 
7.03425 0.395233 296.425 -710.153 -413.728 
7.04422 0.395365 296.524 -714.627 -418.103 
7.0542 0.395498 296.623 -719.035 -422.412 
7.06418 0.395632 296.724 -723.376 -426.652 
7.07416 0.395767 296.826 -727.648 -430.822 
7.08413 0.395904 296.928 -731.847 -434.919 
7.09411 0.396041 297.031 -733.819 -436.788 
7.10409 0.39618 297.135 -737.862 -440.727 
7.11407 0.396322 297.241 -741.828 -444.587 
7.12404 0.396467 297.35 -745.715 -448.365 
7.13402 0.396613 297.46 -749.521 -452.061 
7.144 0.396755 297.566 -753.244 -455.678 
7.15398 0.396893 297.67 -756.884 -459.214 
7.16396 0.397034 297.775 -760.438 -462.663 
7.17393 0.397175 297.881 -763.907 -466.026 
7.18391 0.397316 297.987 -767.289 -469.303 
7.19389 0.397459 298.094 -770.584 -472.49 
7.20387 0.397602 298.202 -773.791 -475.589 
7.21384 0.397744 298.308 -776.909 -478.601 
7.22382 0.397885 298.413 -778.994 -480.58 
7.2338 0.398026 298.52 -781.936 -483.417 
7.24378 0.398169 298.627 -784.79 -486.163 
7.25375 0.398315 298.736 -787.553 -488.817 
7.26373 0.398462 298.846 -790.227 -491.381 
7.27371 0.398609 298.957 -792.812 -493.855 
7.28369 0.398753 299.065 -795.308 -496.243 
7.29366 0.398891 299.168 -797.714 -498.546 
7.30364 0.399027 299.27 -800.032 -500.762 
7.31362 0.399163 299.372 -802.262 -502.89 
7.3236 0.399286 299.465 -804.405 -504.94 
7.33358 0.399396 299.547 -806.46 -506.913 
7.34355 0.399504 299.628 -808.43 -508.802 
7.35353 0.399609 299.707 -810.314 -510.607 
7.36351 0.399715 299.786 -812.114 -512.327 
7.37349 0.399822 299.866 -813.83 -513.963 
7.38346 0.399927 299.946 -815.463 -515.517 
7.39344 0.400035 300.026 -817.015 -516.988 
7.40342 0.400144 300.108 -818.486 -518.378 
7.4134 0.400249 300.187 -819.877 -519.69 
7.42337 0.400352 300.264 -821.19 -520.926 
7.43335 0.400457 300.343 -822.426 -522.083 
7.44333 0.400565 300.423 -823.586 -523.162 
7.45331 0.400674 300.505 -824.671 -524.166 
7.46328 0.400785 300.588 -825.683 -525.094 
7.47326 0.400896 300.672 -826.622 -525.95 
7.48324 0.401008 300.756 -827.491 -526.734 
7.49322 0.401122 300.841 -828.29 -527.449 
7.5032 0.401238 300.928 -829.021 -528.093 
7.51317 0.401356 301.017 -829.648 -528.631 
7.52315 0.401477 301.108 -830.247 -529.139 
7.53313 0.4016 301.2 -830.782 -529.583 
7.54311 0.401721 301.291 -831.255 -529.965 
7.55308 0.401839 301.38 -831.668 -530.288 
7.56306 0.401956 301.467 -832.02 -530.553 
7.57304 0.402069 301.552 -832.315 -530.763 
7.58302 0.402181 301.636 -832.553 -530.917 
7.59299 0.402294 301.721 -832.736 -531.015 
7.60297 0.402403 301.803 -832.865 -531.062 
7.61295 0.402508 301.881 -832.942 -531.061 
7.62293 0.402613 301.96 -832.968 -531.008 
7.6329 0.402718 302.039 -832.944 -530.906 
7.64288 0.402823 302.117 -832.873 -530.756 
7.65286 0.402923 302.192 -832.756 -530.564 
7.66284 0.403021 302.266 -832.593 -530.328 
7.67282 0.403121 302.341 -832.387 -530.046 
7.68279 0.40322 302.415 -830.547 -528.132 
7.69277 0.40332 302.49 -830.194 -527.704 
7.70275 0.403421 302.566 -829.868 -527.302 
7.71273 0.403523 302.642 -829.504 -526.862 
7.7227 0.403623 302.718 -829.103 -526.385 
7.73268 0.403727 302.795 -828.666 -525.871 
7.74266 0.403834 302.876 -828.195 -525.32 
7.75264 0.403943 302.957 -827.691 -524.734 
7.76261 0.404049 303.037 -827.155 -524.118 
7.77259 0.404153 303.114 -825.709 -522.595 
7.78257 0.404258 303.193 -825.114 -521.921 
7.79255 0.404366 303.274 -824.492 -521.218 
7.80253 0.404476 303.357 -823.843 -520.486 
7.8125 0.404589 303.442 -823.167 -519.725 
7.82248 0.404705 303.529 -822.467 -518.938 
7.83246 0.404822 303.616 -821.742 -518.126 
7.84244 0.405505 304.128 -820.995 -516.867 
7.85241 0.406951 305.213 -820.049 -514.836 
7.86239 0.408704 306.528 -818.879 -512.351 
7.87237 0.41081 308.107 -817.455 -509.347 
7.88235 0.413306 309.98 -815.746 -505.767 
7.89232 0.416229 312.172 -813.725 -501.553 
7.9023 0.419612 314.709 -811.365 -496.656 
7.91228 0.423479 317.61 -808.649 -491.039 
7.92226 0.42784 320.88 -804.889 -484.009 
7.93223 0.432686 324.515 -801.439 -476.924 
7.94221 0.437993 328.495 -797.65 -469.156 
7.95219 0.443712 332.784 -793.546 -460.762 
7.96217 0.449783 337.337 -789.17 -451.833 
7.97215 0.456133 342.1 -784.576 -442.476 
7.98212 0.462675 347.006 -779.827 -432.821 
7.9921 0.469318 351.989 -774.989 -423.001 
8.00208 0.47597 356.978 -770.13 -413.153 
8.01206 0.482539 361.904 -764.029 -402.125 
8.02203 0.488945 366.708 -759.313 -392.604 
8.03201 0.495132 371.349 -754.746 -383.397 
8.04199 0.501052 375.789 -750.37 -374.581 
8.05197 0.506663 379.998 -746.214 -366.216 
8.06194 0.511941 383.956 -742.298 -358.343 
8.07192 0.516869 387.651 -738.636 -350.984 
8.0819 0.521441 391.081 -735.231 -344.15 
8.09188 0.525661 394.245 -732.083 -337.837 
8.10185 0.529534 397.15 -729.184 -332.034 
8.11183 0.533076 399.807 -726.525 -326.719 
8.12181 0.536306 402.23 -724.094 -321.865 
8.13179 0.539246 404.435 -721.877 -317.442 
8.14177 0.541916 406.437 -719.858 -313.421 
8.15174 0.544337 408.253 -718.023 -309.77 
8.16172 0.546529 409.897 -716.356 -306.459 
8.1717 0.548511 411.384 -714.843 -303.459 
8.18168 0.550305 412.729 -711.634 -298.905 
8.19165 0.551919 413.939 -710.434 -296.495 
8.20163 0.553369 415.027 -709.299 -294.272 
8.21161 0.55468 416.01 -708.268 -292.258 
8.22159 0.555866 416.899 -707.331 -290.431 
8.23156 0.556939 417.704 -706.478 -288.774 
8.24154 0.557911 418.433 -705.701 -287.268 
8.25152 0.558791 419.093 -704.993 -285.9 
8.2615 0.559587 419.69 -704.346 -284.656 
8.27147 0.560311 420.233 -703.755 -283.522 
8.28145 0.560969 420.727 -703.214 -282.488 
8.29143 0.561566 421.174 -702.718 -281.544 
8.30141 0.562104 421.578 -702.263 -280.685 
8.31139 0.562591 421.943 -702.011 -280.068 
8.32136 0.563033 422.275 -701.626 -279.352 
8.33134 0.563437 422.578 -701.272 -278.693 
8.34132 0.563808 422.856 -700.944 -278.089 
8.3513 0.564147 423.11 -700.642 -277.531 
8.36127 0.564457 423.343 -700.362 -277.019 
8.37125 0.564742 423.556 -700.103 -276.547 
8.38123 0.565003 423.752 -699.863 -276.111 
8.39121 0.56524 423.93 -699.64 -275.71 
8.40118 0.565455 424.091 -699.433 -275.342 
8.41116 0.565567 424.175 -699.241 -275.066 
8.42114 0.565585 424.189 -699.062 -274.873 
8.43112 0.565601 424.201 -698.896 -274.695 
8.44109 0.565615 424.211 -698.741 -274.53 
8.45107 0.565624 424.218 -698.598 -274.38 
8.46105 0.565632 424.224 -698.464 -274.241 
8.47103 0.56564 424.23 -698.341 -274.111 
8.48101 0.565649 424.236 -698.226 -273.989 
8.49098 0.565658 424.244 -698.119 -273.875 
8.50096 0.565669 424.252 -698.021 -273.769 
8.51094 0.565677 424.258 -697.93 -273.672 
8.52092 0.565682 424.262 -697.847 -273.585 
8.53089 0.565687 424.265 -697.771 -273.506 
8.54087 0.565662 424.247 -697.701 -273.455 
8.55085 0.565606 424.204 -697.638 -273.434 
8.56083 0.565546 424.16 -697.582 -273.422 
8.5708 0.565485 424.114 -697.532 -273.418 
8.58078 0.565422 424.067 -697.487 -273.42 
8.59076 0.565356 424.017 -697.449 -273.432 
8.60074 0.565285 423.964 -697.416 -273.452 
8.61072 0.56521 423.907 -697.389 -273.482 
8.62069 0.565133 423.849 -697.017 -273.168 
8.63067 0.565052 423.789 -696.518 -272.729 
8.64065 0.56497 423.727 -696.51 -272.782 
8.65063 0.564884 423.663 -696.506 -272.844 
8.6606 0.564792 423.594 -696.509 -272.915 
8.67058 0.564694 423.521 -695.557 -272.036 
8.68056 0.564592 423.444 -695.57 -272.126 
8.69054 0.564478 423.358 -695.589 -272.23 
8.70051 0.564352 423.264 -695.612 -272.349 
8.71049 0.56421 423.157 -695.642 -272.485 
8.72047 0.564053 423.039 -695.677 -272.637 
8.73045 0.563891 422.918 -694.411 -271.493 
8.74042 0.563721 422.79 -694.46 -271.67 
8.7504 0.563543 422.657 -694.515 -271.858 
8.76038 0.563359 422.52 -694.575 -272.056 
8.77036 0.563168 422.376 -694.641 -272.265 
8.78034 0.562969 422.226 -694.712 -272.486 
8.79031 0.562763 422.072 -694.789 -272.717 
8.80029 0.562553 421.915 -694.872 -272.957 
8.81027 0.562336 421.752 -694.96 -273.208 
8.82025 0.562111 421.583 -695.054 -273.471 
8.83022 0.56188 421.41 -695.153 -273.744 
8.8402 0.561643 421.232 -695.259 -274.027 
8.85018 0.561398 421.049 -695.37 -274.322 
8.86016 0.561146 420.859 -695.487 -274.628 
8.87013 0.560884 420.663 -695.61 -274.947 
8.88011 0.560615 420.462 -695.739 -275.278 
8.89009 0.560336 420.252 -696.284 -276.032 
8.90007 0.560045 420.034 -696.015 -275.981 
8.91004 0.559749 419.811 -696.163 -276.351 
8.92002 0.559446 419.584 -696.316 -276.731 
8.93 0.559137 419.353 -696.475 -277.122 
8.93998 0.558894 419.17 -696.641 -277.471 
8.94996 0.558713 419.035 -696.813 -277.779 
8.95993 0.558525 418.893 -696.992 -278.099 
8.96991 0.558326 418.744 -697.178 -278.433 
8.97989 0.558117 418.588 -697.37 -278.782 
8.98987 0.5579 418.425 -697.568 -279.143 
8.99984 0.557675 418.256 -697.774 -279.517 
9.00982 0.557453 418.09 -697.986 -279.896 
9.0198 0.557233 417.925 -698.204 -280.279 
9.02978 0.557005 417.754 -698.428 -280.674 
9.03975 0.55677 417.578 -698.658 -281.08 
9.04973 0.556527 417.395 -698.894 -281.499 
9.05971 0.556275 417.206 -699.135 -281.928 
9.06969 0.556016 417.012 -699.381 -282.369 
9.07966 0.55575 416.813 -699.632 -282.819 
9.08964 0.55548 416.61 -699.887 -283.277 
9.09962 0.555205 416.404 -700.146 -283.742 
9.1096 0.554927 416.195 -700.41 -284.214 
9.11958 0.554644 415.983 -700.676 -284.693 
9.12955 0.554356 415.767 -700.945 -285.178 
9.13953 0.554061 415.546 -701.216 -285.67 
9.14951 0.553763 415.323 -700.458 -285.135 
9.15949 0.553465 415.099 -700.733 -285.634 
9.16946 0.553162 414.872 -701.008 -286.136 
9.17944 0.552856 414.642 -699.849 -285.207 
9.18942 0.552551 414.414 -700.122 -285.708 
9.1994 0.55225 414.188 -700.392 -286.205 
9.20937 0.551954 413.965 -700.659 -286.694 
9.21935 0.55166 413.745 -700.921 -287.176 
9.22933 0.551368 413.526 -701.176 -287.65 
9.23931 0.55108 413.31 -701.425 -288.115 
9.24928 0.550801 413.101 -701.664 -288.563 
9.25926 0.550533 412.9 -701.895 -288.995 
9.26924 0.550272 412.704 -702.114 -289.41 
9.27922 0.550023 412.517 -702.321 -289.804 
9.2892 0.549789 412.342 -702.514 -290.172 
9.29917 0.549573 412.18 -702.693 -290.513 
9.30915 0.549376 412.032 -702.855 -290.823 
9.31913 0.549201 411.901 -703 -291.099 
9.32911 0.549044 411.783 -703.126 -291.343 
9.33908 0.548907 411.681 -703.232 -291.551 
9.34906 0.548797 411.597 -703.317 -291.719 
9.35904 0.548714 411.535 -703.379 -291.844 
9.36902 0.548663 411.497 -703.418 -291.921 
9.37899 0.548643 411.482 -703.433 -291.951 
9.38897 0.548657 411.492 -703.423 -291.93 
9.39895 0.548703 411.527 -702.759 -291.231 
9.40893 0.548783 411.587 -702.697 -291.11 
9.4189 0.548895 411.671 -702.609 -290.938 
9.42888 0.549042 411.782 -702.495 -290.713 
9.43886 0.549224 411.918 -702.353 -290.435 
9.44884 0.54944 412.08 -702.185 -290.104 
9.45882 0.549691 412.268 -701.989 -289.721 
9.46879 0.549976 412.482 -701.768 -289.286 
9.47877 0.550294 412.72 -701.52 -288.8 
9.48875 0.550644 412.983 -701.248 -288.265 
9.49873 0.551025 413.269 -700.958 -287.689 
9.5087 0.551435 413.576 -700.63 -287.054 
9.51868 0.551872 413.904 -700.287 -286.383 
9.52866 0.552333 414.25 -699.923 -285.673 
9.53864 0.552817 414.613 -699.538 -284.926 
9.54861 0.553316 414.987 -699.136 -284.149 
9.55859 0.553831 415.374 -698.716 -283.342 
9.56857 0.554365 415.774 -698.28 -282.506 
9.57855 0.554916 416.187 -697.83 -281.643 
9.58853 0.555485 416.614 -697.368 -280.754 
9.5985 0.556069 417.052 -696.895 -279.843 
9.60848 0.556668 417.501 -696.412 -278.911 
9.61846 0.557272 417.954 -695.921 -277.967 
9.62844 0.557881 418.411 -695.423 -277.013 
9.63841 0.558496 418.872 -694.921 -276.049 
9.64839 0.559115 419.336 -693.052 -273.716 
9.65837 0.559733 419.8 -692.544 -272.744 
9.66835 0.560359 420.269 -692.034 -271.765 
9.67832 0.56099 420.742 -691.526 -270.783 
9.6883 0.561615 421.212 -691.018 -269.807 
9.69828 0.562237 421.678 -690.513 -268.836 
9.70826 0.563021 422.266 -713.702 -291.436 
9.71823 0.563989 422.992 -712.908 -289.916 
9.72821 0.56498 423.735 -712.097 -288.362 
9.73819 0.565984 424.488 -711.272 -286.784 
9.74817 0.567001 425.251 -710.436 -285.185 
9.75815 0.568033 426.025 -709.589 -283.564 
9.76812 0.569077 426.808 -708.735 -281.927 
9.7781 0.570129 427.597 -707.876 -280.279 
9.78808 0.571187 428.39 -707.014 -278.624 
9.79806 0.572249 429.186 -706.149 -276.962 
9.80803 0.573312 429.984 -705.284 -275.301 
9.81801 0.574372 430.779 -704.422 -273.644 
9.82799 0.575427 431.57 -703.564 -271.994 
9.83797 0.576474 432.356 -702.184 -269.828 
9.84794 0.57751 433.133 -701.337 -268.205 
9.85792 0.578536 433.902 -700.501 -266.599 
9.8679 0.579551 434.663 -699.674 -265.011 
9.87788 0.580556 435.417 -698.859 -263.442 
9.88785 0.581545 436.159 -698.055 -261.897 
9.89783 0.582516 436.887 -697.265 -260.378 
9.90781 0.583471 437.603 -696.489 -258.886 
9.91779 0.584407 438.305 -695.728 -257.423 
9.92777 0.58532 438.99 -694.982 -255.992 
9.93774 0.586212 439.659 -694.253 -254.594 
9.94772 0.587083 440.313 -693.54 -253.227 
9.9577 0.587934 440.951 -692.844 -251.893 
9.96768 0.588765 441.574 -692.166 -250.592 
9.97765 0.589575 442.181 -691.506 -249.324 
9.98763 0.590365 442.773 -690.863 -248.09 
9.99761 0.591132 443.349 -690.239 -246.89 
10.0076 0.591876 443.907 -689.633 -245.726 
10.0176 0.592596 444.447 -689.045 -244.598 
10.0275 0.593294 444.97 -688.265 -243.295 
10.0375 0.593969 445.476 -687.714 -242.237 
10.0475 0.594622 445.966 -687.18 -241.214 
10.0575 0.595255 446.441 -686.665 -240.224 
10.0675 0.595866 446.9 -686.167 -239.268 
10.0774 0.596455 447.341 -685.687 -238.346 
10.0874 0.597022 447.766 -685.224 -237.458 
10.0974 0.597563 448.172 -684.779 -236.607 
10.1074 0.59808 448.56 -684.349 -235.789 
10.1173 0.598578 448.934 -683.936 -235.002 
10.1273 0.599055 449.291 -683.539 -234.248 
10.1373 0.599507 449.631 -683.158 -233.527 
10.1473 0.599937 449.953 -682.793 -232.84 
10.1573 0.600348 450.261 -682 -231.739 
10.1672 0.600741 450.556 -681.595 -231.039 
10.1772 0.601114 450.835 -681.275 -230.44 
10.1872 0.601471 451.104 -680.969 -229.866 
10.1972 0.601818 451.363 -680.678 -229.315 
10.2071 0.602146 451.61 -680.4 -228.79 
10.2171 0.602457 451.843 -680.135 -228.292 
10.2271 0.602753 452.065 -679.884 -227.819 
10.2371 0.603034 452.276 -679.645 -227.369 
10.2471 0.603323 452.492 -679.418 -226.926 
10.257 0.603619 452.714 -679.204 -226.489 
10.267 0.603903 452.927 -679.001 -226.074 
10.277 0.604173 453.13 -678.81 -225.68 
10.287 0.604435 453.326 -678.63 -225.304 
10.2969 0.604688 453.516 -678.462 -224.946 
10.3069 0.604926 453.694 -678.305 -224.61 
10.3169 0.605151 453.863 -678.158 -224.295 
10.3269 0.605365 454.024 -678.022 -223.998 
10.3368 0.605568 454.176 -677.896 -223.72 
10.3468 0.605761 454.321 -677.78 -223.459 
10.3568 0.605948 454.461 -677.675 -223.214 
10.3668 0.606094 454.571 -677.579 -223.008 
10.3768 0.606203 454.652 -677.492 -222.84 
10.3867 0.606301 454.726 -677.415 -222.689 
10.3967 0.606391 454.793 -677.348 -222.555 
10.4067 0.606473 454.855 -677.289 -222.434 
10.4167 0.606546 454.909 -677.239 -222.329 
10.4266 0.606611 454.958 -677.198 -222.24 
10.4366 0.60667 455.003 -676.193 -221.19 
10.4466 0.606725 455.044 -676.169 -221.126 
10.4566 0.606774 455.081 -676.155 -221.074 
10.4666 0.606816 455.112 -676.148 -221.035 
10.4765 0.606853 455.14 -676.148 -221.008 
10.4865 0.606886 455.165 -676.157 -220.992 
10.4965 0.606913 455.185 -676.173 -220.988 
10.5065 0.606932 455.199 -676.196 -220.998 
10.5164 0.606945 455.209 -676.227 -221.018 
10.5264 0.606954 455.216 -676.264 -221.048 
10.5364 0.606954 455.216 -676.308 -221.092 
10.5464 0.606948 455.211 -676.359 -221.148 
10.5564 0.606939 455.204 -675.119 -219.914 
10.5663 0.606928 455.196 -674.968 -219.772 
10.5763 0.606915 455.186 -675.038 -219.852 
10.5863 0.60687 455.152 -675.113 -219.961 
10.5963 0.606793 455.095 -675.194 -220.1 
10.6062 0.606715 455.037 -675.281 -220.244 
10.6162 0.606635 454.976 -675.372 -220.396 
10.6262 0.606546 454.91 -675.468 -220.559 
10.6362 0.606453 454.84 -675.569 -220.729 
10.6462 0.606363 454.772 -675.674 -220.902 
10.6561 0.606276 454.707 -675.782 -221.075 
10.6661 0.606194 454.646 -675.878 -221.233 
10.6761 0.606117 454.588 -675.994 -221.406 
10.6861 0.606043 454.532 -676.112 -221.58 
10.696 0.605973 454.48 -676.232 -221.752 
10.706 0.605909 454.431 -676.355 -221.923 
10.716 0.605833 454.375 -686.809 -232.434 
10.726 0.605751 454.313 -686.96 -232.647 
10.736 0.605653 454.24 -687.108 -232.868 
10.7459 0.605539 454.154 -687.253 -233.099 
10.7559 0.605434 454.076 -687.394 -233.318 
10.7659 0.605339 454.005 -687.53 -233.526 
10.7759 0.605255 453.941 -687.662 -233.72 
10.7858 0.60518 453.885 -687.787 -233.902 
10.7958 0.605117 453.838 -687.907 -234.07 
10.8058 0.605066 453.8 -688.021 -234.221 
10.8158 0.605029 453.772 -688.128 -234.356 
10.8258 0.605004 453.753 -688.227 -234.474 
10.8357 0.604993 453.745 -688.319 -234.574 
10.8457 0.604979 453.734 -688.403 -234.669 
10.8557 0.60496 453.72 -688.479 -234.759 
10.8657 0.604961 453.72 -688.546 -234.826 
10.8756 0.60498 453.735 -688.604 -234.869 
10.8856 0.605011 453.758 -688.654 -234.896 
10.8956 0.605057 453.793 -688.675 -234.882 
10.9056 0.605116 453.837 -688.705 -234.868 
10.9156 0.605183 453.887 -688.726 -234.839 
10.9255 0.605264 453.948 -688.736 -234.788 
10.9355 0.60536 454.02 -688.738 -234.718 
10.9455 0.605471 454.103 -688.728 -234.625 
10.9555 0.605596 454.197 -688.709 -234.512 
10.9654 0.605734 454.3 -688.68 -234.38 
10.9754 0.605884 454.413 -688.642 -234.229 
10.9854 0.606052 454.539 -688.594 -234.055 
10.9954 0.606236 454.677 -688.536 -233.859 
11.0054 0.606433 454.825 -688.47 -233.645 
11.0153 0.606641 454.981 -688.395 -233.414 
11.0253 0.606857 455.143 -688.311 -233.168 
11.0353 0.60708 455.31 -688.219 -232.909 
11.0453 0.607312 455.484 -688.12 -232.635 
11.0552 0.607552 455.664 -688.013 -232.349 
11.0652 0.607798 455.848 -687.9 -232.052 
11.0752 0.60805 456.038 -687.781 -231.744 
11.0852 0.608309 456.232 -687.657 -231.425 
11.0952 0.608572 456.429 -687.528 -231.099 
11.1051 0.608839 456.629 -687.395 -230.766 
11.1151 0.609107 456.831 -687.258 -230.428 
11.1251 0.609373 457.03 -687.119 -230.089 
11.1351 0.609635 457.226 -686.978 -229.751 
11.145 0.609904 457.428 -686.835 -229.407 
11.155 0.610158 457.619 -686.692 -229.073 
11.165 0.61039 457.792 -686.55 -228.757 
11.175 0.610617 457.963 -686.408 -228.445 
11.1849 0.61084 458.13 -686.268 -228.138 
11.1949 0.611055 458.292 -686.13 -227.839 
11.2049 0.611262 458.447 -685.996 -227.549 
11.2149 0.611463 458.598 -685.865 -227.268 
11.2249 0.611658 458.744 -685.739 -226.995 
11.2348 0.611839 458.879 -685.618 -226.739 
11.2448 0.612005 459.004 -685.502 -226.499 
11.2548 0.612157 459.118 -685.393 -226.276 
11.2648 0.612293 459.22 -685.291 -226.071 
11.2747 0.612416 459.312 -685.196 -225.884 
11.2847 0.612524 459.393 -685.109 -225.716 
11.2947 0.612615 459.461 -685.031 -225.569 
11.3047 0.612692 459.519 -684.96 -225.441 
11.3147 0.612756 459.567 -684.899 -225.332 
11.3246 0.612808 459.606 -684.848 -225.242 
11.3346 0.612845 459.634 -684.805 -225.172 
11.3446 0.612867 459.65 -684.773 -225.123 
11.3546 0.612873 459.655 -684.75 -225.095 
11.3645 0.612902 459.676 -684.737 -225.061 
11.3745 0.612957 459.718 -684.733 -225.015 
11.3845 0.613004 459.753 -684.737 -224.984 
11.3945 0.61304 459.78 -684.748 -224.968 
11.4045 0.613066 459.799 -684.766 -224.967 
11.4144 0.613083 459.813 -684.791 -224.979 
11.4244 0.613092 459.819 -684.823 -225.004 
11.4344 0.613093 459.819 -684.86 -225.04 
11.4444 0.613083 459.812 -684.901 -225.089 
11.4543 0.613065 459.799 -684.947 -225.148 
11.4643 0.613044 459.783 -684.996 -225.213 
11.4743 0.613021 459.766 -685.047 -225.281 
11.4843 0.612997 459.748 -685.099 -225.351 
11.4943 0.612974 459.731 -685.151 -225.42 
11.5042 0.612954 459.716 -685.202 -225.487 
11.5142 0.612955 459.716 -685.252 -225.536 
11.5242 0.612977 459.732 -685.298 -225.566 
11.5342 0.613004 459.753 -685.34 -225.587 
11.5441 0.613037 459.777 -685.377 -225.599 
11.5541 0.613079 459.809 -685.406 -225.597 
11.5641 0.613134 459.851 -685.429 -225.578 
11.5741 0.613204 459.903 -685.442 -225.54 
11.5841 0.613279 459.959 -685.446 -225.487 
11.594 0.613362 460.021 -685.439 -225.418 
11.604 0.613463 460.097 -685.42 -225.323 
11.614 0.613583 460.187 -685.388 -225.201 
11.624 0.613719 460.289 -685.343 -225.054 
11.6339 0.613872 460.404 -685.283 -224.879 
11.6439 0.614039 460.529 -685.208 -224.679 
11.6539 0.614221 460.666 -685.117 -224.451 
11.6639 0.614423 460.817 -685.01 -224.193 
11.6739 0.614641 460.98 -684.886 -223.906 
11.6838 0.614879 461.16 -684.746 -223.586 
11.6938 0.615141 461.356 -684.588 -223.232 
11.7038 0.615424 461.568 -684.413 -222.844 
11.7138 0.615729 461.797 -684.22 -222.424 
11.7237 0.616056 462.042 -684.011 -221.969 
11.7337 0.616406 462.304 -683.785 -221.481 
11.7437 0.616776 462.582 -683.543 -220.961 
11.7537 0.617167 462.875 -683.285 -220.409 
11.7637 0.617576 463.182 -683.012 -219.829 
11.7736 0.618004 463.503 -682.723 -219.22 
11.7836 0.618451 463.838 -682.42 -218.583 
11.7936 0.618915 464.186 -682.105 -217.919 
11.8036 0.619394 464.546 -679.571 -215.026 
11.8135 0.619886 464.915 -679.111 -214.196 
11.8235 0.620392 465.294 -678.748 -213.453 
11.8335 0.62091 465.682 -678.374 -212.692 
11.8435 0.621437 466.078 -677.992 -211.914 
11.8535 0.621941 466.456 -677.602 -211.146 
11.8634 0.622421 466.816 -677.205 -210.389 
11.8734 0.62291 467.182 -676.801 -209.619 
11.8834 0.623407 467.556 -676.393 -208.837 
11.8934 0.623913 467.935 -675.981 -208.046 
11.9033 0.62442 468.315 -675.565 -207.25 
11.9133 0.624919 468.69 -675.147 -206.457 
11.9233 0.625412 469.059 -674.727 -205.668 
11.9333 0.625901 469.426 -674.307 -204.88 
11.9433 0.626389 469.792 -673.886 -204.094 
11.9532 0.626854 470.141 -673.466 -203.325 
11.9632 0.627296 470.472 -673.047 -202.575 
11.9732 0.627738 470.804 -672.63 -201.826 
11.9832 0.628181 471.136 -672.215 -201.079 
11.9931 0.628623 471.467 -671.803 -200.336 
12.0031 0.629058 471.793 -671.393 -199.6 
12.0131 0.629484 472.113 -670.987 -198.874 
12.0231 0.629906 472.43 -670.585 -198.156 
12.0331 0.630324 472.743 -670.187 -197.444 
12.043 0.630739 473.054 -669.793 -196.739 
12.053 0.63115 473.363 -669.404 -196.041 
12.063 0.631557 473.668 -669.019 -195.351 
12.073 0.631956 473.967 -668.639 -194.672 
12.0829 0.632347 474.26 -668.263 -194.003 
12.0929 0.632734 474.551 -667.892 -193.341 
12.1029 0.633119 474.839 -667.526 -192.687 
12.1129 0.633499 475.124 -667.164 -192.04 
12.1228 0.633875 475.406 -666.807 -191.401 
12.1328 0.634247 475.686 -666.455 -190.77 
12.1428 0.634617 475.963 -666.107 -190.144 
12.1528 0.634984 476.238 -665.764 -189.525 
12.1628 0.63535 476.512 -665.424 -188.912 
12.1727 0.635712 476.784 -665.089 -188.305 
12.1827 0.63607 477.053 -664.758 -187.705 
12.1927 0.636425 477.318 -664.43 -187.111 
12.2027 0.636777 477.583 -664.106 -186.523 
12.2126 0.637126 477.844 -663.785 -185.941 
12.2226 0.637471 478.103 -663.468 -185.365 
12.2326 0.637816 478.362 -663.154 -184.792 
12.2426 0.638159 478.619 -662.843 -184.224 
12.2526 0.638499 478.874 -662.534 -183.66 
12.2625 0.638838 479.129 -662.228 -183.1 
12.2725 0.639174 479.381 -661.925 -182.544 
12.2825 0.639509 479.631 -661.623 -181.992 
12.2925 0.639829 479.871 -661.324 -181.453 
12.3024 0.640135 480.101 -661.027 -180.926 
12.3124 0.640442 480.332 -660.732 -180.4 
12.3224 0.640748 480.561 -660.438 -179.877 
12.3324 0.641055 480.791 -660.146 -179.355 
12.3424 0.641361 481.02 -659.856 -178.835 
12.3523 0.641666 481.249 -659.572 -178.323 
12.3623 0.64197 481.478 -659.279 -177.801 
12.3723 0.642273 481.705 -659.04 -177.335 
12.3823 0.642577 481.933 -658.706 -176.774 
12.3922 0.642881 482.161 -658.421 -176.261 
12.4022 0.64318 482.385 -658.138 -175.752 
12.4122 0.643474 482.605 -657.855 -175.249 
12.4222 0.643769 482.827 -657.572 -174.745 
12.4322 0.644068 483.051 -657.291 -174.24 
12.4421 0.644367 483.275 -657.01 -173.735 
12.4521 0.644664 483.498 -656.358 -172.86 
12.4621 0.644968 483.726 -656.057 -172.331 
12.4721 0.645278 483.959 -655.779 -171.821 
12.482 0.645589 484.192 -655.501 -171.309 
12.492 0.645904 484.428 -655.224 -170.797 
12.502 0.646218 484.663 -654.948 -170.285 
12.512 0.646537 484.903 -654.672 -169.769 
12.522 0.646865 485.148 -654.397 -169.248 
12.5319 0.647193 485.395 -654.122 -168.727 
12.5419 0.647524 485.643 -653.848 -168.205 
12.5519 0.647854 485.891 -654.147 -168.256 
12.5619 0.648185 486.138 -653.129 -166.99 
12.5718 0.648516 486.387 -652.851 -166.464 
12.5818 0.648851 486.638 -652.58 -165.942 
12.5918 0.649157 486.868 -652.311 -165.443 
12.6018 0.649435 487.076 -652.042 -164.965 
12.6118 0.649716 487.287 -651.773 -164.486 
12.6217 0.65 487.5 -651.506 -164.006 
12.6317 0.650289 487.717 -651.24 -163.523 
12.6417 0.650581 487.936 -650.975 -163.039 
12.6517 0.650876 488.157 -650.711 -162.553 
12.6616 0.651174 488.38 -650.448 -162.068 
12.6716 0.651472 488.604 -650.186 -161.582 
12.6816 0.651773 488.829 -649.926 -161.096 
12.6916 0.652075 489.056 -649.666 -160.61 
12.7016 0.652381 489.285 -649.42 -160.135 
12.7115 0.652684 489.513 -649.164 -159.651 
12.7215 0.652986 489.74 -648.909 -159.169 
12.7315 0.65329 489.968 -648.655 -158.687 
12.7415 0.653594 490.196 -647.372 -157.176 
12.7514 0.653895 490.422 -647.117 -156.695 
12.7614 0.654196 490.647 -646.868 -156.221 
12.7714 0.654496 490.872 -646.62 -155.748 
12.7814 0.654797 491.098 -646.374 -155.277 
12.7914 0.655096 491.322 -646.13 -154.808 
12.8013 0.655391 491.543 -645.888 -154.345 
12.8113 0.655682 491.761 -645.649 -153.887 
12.8213 0.65597 491.977 -645.41 -153.432 
12.8313 0.656259 492.194 -645.173 -152.979 
12.8412 0.656548 492.411 -644.365 -151.953 
12.8512 0.656836 492.627 -644.133 -151.506 
12.8612 0.657125 492.844 -643.904 -151.06 
12.8712 0.657415 493.061 -643.68 -150.619 
12.8812 0.657704 493.278 -643.452 -150.173 
12.8911 0.657982 493.487 -643.229 -149.742 
12.9011 0.658248 493.686 -643.008 -149.322 
12.9111 0.658513 493.885 -642.789 -148.905 
12.9211 0.658775 494.081 -642.573 -148.492 
12.931 0.659034 494.276 -642.388 -148.112 
12.941 0.659277 494.458 -642.147 -147.689 
12.951 0.659498 494.624 -641.937 -147.313 
12.961 0.659715 494.787 -641.73 -146.943 
12.9709 0.659933 494.95 -640.893 -145.944 
12.9809 0.660151 495.113 -640.688 -145.575 
12.9909 0.660365 495.274 -640.489 -145.215 
13.0009 0.660576 495.432 -639.859 -144.427 
13.0109 0.660786 495.59 -639.665 -144.075 
13.0208 0.660997 495.748 -639.472 -143.724 
13.0308 0.661208 495.906 -639.282 -143.376 
13.0408 0.661414 496.061 -639.094 -143.033 
13.0508 0.661618 496.213 -638.909 -142.695 
13.0607 0.661821 496.366 -638.726 -142.36 
13.0707 0.662024 496.518 -638.545 -142.027 
13.0807 0.662225 496.669 -638.366 -141.697 
13.0907 0.662426 496.82 -638.19 -141.37 
13.1007 0.662622 496.966 -638.016 -141.049 
13.1106 0.662812 497.109 -637.844 -140.735 
13.1206 0.663 497.25 -637.675 -140.425 
13.1306 0.663185 497.389 -637.507 -140.119 
13.1406 0.663367 497.525 -637.342 -139.817 
13.1505 0.663549 497.662 -637.211 -139.549 
13.1605 0.66373 497.797 -637.018 -139.221 
13.1705 0.66391 497.933 -636.859 -138.927 
13.1805 0.66409 498.068 -636.702 -138.635 
13.1905 0.664268 498.201 -636.548 -138.347 
13.2004 0.664437 498.328 -636.395 -138.067 
13.2104 0.664596 498.447 -636.244 -137.797 
13.2204 0.664749 498.562 -636.096 -137.534 
13.2304 0.664902 498.676 -635.95 -137.274 
13.2403 0.665055 498.791 -635.805 -137.014 
13.2503 0.665207 498.905 -635.663 -136.758 
13.2603 0.665357 499.018 -635.523 -136.505 
13.2703 0.665503 499.127 -635.385 -136.258 
13.2803 0.665645 499.234 -635.249 -136.015 
13.2902 0.665791 499.343 -635.115 -135.772 
13.3002 0.665942 499.456 -634.984 -135.527 
13.3102 0.666088 499.566 -634.854 -135.288 
13.3202 0.666236 499.677 -634.726 -135.05 
13.3301 0.666385 499.789 -634.601 -134.812 
13.3401 0.66653 499.898 -634.477 -134.58 
13.3501 0.666674 500.006 -633.342 -133.337 
13.3601 0.666812 500.109 -633.21 -133.101 
13.3701 0.666945 500.209 -633.094 -132.885 
13.38 0.666837 500.128 -659.678 -159.55 
13.39 0.666525 499.894 -659.91 -160.016 
13.4 0.666264 499.698 -660.105 -160.407 
13.41 0.666056 499.542 -660.262 -160.72 
13.4199 0.665903 499.427 -660.378 -160.951 
13.4299 0.665807 499.355 -660.453 -161.097 
13.4399 0.665771 499.328 -660.484 -161.156 
13.4499 0.665795 499.346 -660.471 -161.125 
13.4599 0.665877 499.408 -660.413 -161.005 
13.4698 0.666019 499.514 -660.309 -160.795 
13.4798 0.666229 499.672 -660.161 -160.489 
13.4898 0.666506 499.88 -659.967 -160.088 
13.4998 0.666843 500.133 -659.73 -159.597 
13.5097 0.667239 500.429 -659.45 -159.021 
13.5197 0.667685 500.764 -659.128 -158.364 
13.5297 0.668178 501.134 -658.766 -157.633 
13.5397 0.668718 501.538 -657.068 -155.53 
13.5497 0.6693 501.975 -656.582 -154.607 
13.5596 0.669927 502.445 -656.119 -153.673 
13.5696 0.670597 502.948 -655.624 -152.677 
13.5796 0.671304 503.478 -655.102 -151.624 
13.5896 0.672044 504.033 -654.555 -150.522 
13.5995 0.672811 504.608 -653.986 -149.378 
13.6095 0.673597 505.198 -653.398 -148.2 
13.6195 0.674401 505.801 -652.913 -147.112 
13.6295 0.675224 506.418 -652.295 -145.877 
13.6395 0.676062 507.047 -651.667 -144.62 
13.6494 0.676913 507.685 -651.031 -143.346 
13.6594 0.677756 508.317 -650.389 -142.072 
13.6694 0.678588 508.941 -649.746 -140.805 
13.6794 0.679421 509.566 -649.102 -139.536 
13.6893 0.680248 510.186 -648.46 -138.274 
13.6993 0.681067 510.8 -647.823 -137.023 
13.7093 0.681878 511.409 -647.192 -135.783 
13.7193 0.682678 512.009 -646.568 -134.559 
13.7293 0.683465 512.599 -645.954 -133.355 
13.7392 0.684238 513.179 -645.351 -132.172 
13.7492 0.684997 513.748 -644.759 -131.012 
13.7592 0.685733 514.3 -643.184 -128.885 
13.7692 0.686444 514.833 -642.619 -127.785 
13.7791 0.687137 515.353 -642.07 -126.717 
13.7891 0.687812 515.859 -641.536 -125.677 
13.7991 0.688468 516.351 -641.019 -124.668 
13.8091 0.689093 516.82 -640.518 -123.697 
13.8191 0.689689 517.267 -640.033 -122.766 
13.829 0.690264 517.698 -639.565 -121.867 
13.839 0.69082 518.115 -639.114 -120.999 
13.849 0.691356 518.517 -638.68 -120.163 
13.859 0.691872 518.904 -638.263 -119.359 
13.8689 0.692365 519.273 -637.862 -118.589 
13.8789 0.692834 519.625 -637.478 -117.853 
13.8889 0.693283 519.962 -637.113 -117.151 
13.8989 0.693712 520.284 -636.759 -116.475 
13.9088 0.694118 520.589 -636.423 -115.835 
13.9188 0.694503 520.877 -636.103 -115.226 
13.9288 0.694875 521.156 -635.797 -114.641 
13.9388 0.695235 521.427 -635.506 -114.08 
13.9488 0.695581 521.685 -635.23 -113.544 
13.9587 0.695909 521.932 -634.967 -113.035 
13.9687 0.696222 522.166 -634.717 -112.551 
13.9787 0.696517 522.388 -634.48 -112.092 
13.9887 0.696796 522.597 -634.256 -111.659 
13.9986 0.697059 522.794 -634.044 -111.249 
14.0086 0.697306 522.979 -633.843 -110.864 
14.0186 0.697534 523.151 -633.653 -110.502 
14.0286 0.697743 523.307 -633.474 -110.167 
14.0386 0.697934 523.451 -633.305 -109.854 
14.0485 0.698115 523.586 -633.146 -109.559 
14.0585 0.698287 523.715 -632.995 -109.28 
14.0685 0.69845 523.837 -632.853 -109.016 
14.0785 0.698604 523.953 -632.719 -108.766 
14.0884 0.698749 524.062 -632.593 -108.531 
14.0984 0.69888 524.16 -632.475 -108.315 
14.1084 0.699 524.25 -632.296 -108.046 
14.1184 0.699113 524.335 -632.191 -107.857 
14.1284 0.699219 524.414 -632.092 -107.678 
14.1383 0.69932 524.49 -631.998 -107.509 
14.1483 0.699407 524.556 -631.91 -107.354 
14.1583 0.69948 524.61 -631.826 -107.216 
14.1683 0.699546 524.66 -631.746 -107.087 
14.1782 0.699608 524.706 -631.67 -106.964 
14.1882 0.699671 524.753 -631.598 -106.844 
14.1982 0.699731 524.798 -631.528 -106.73 
14.2082 0.699785 524.839 -631.462 -106.623 
14.2182 0.699836 524.877 -631.397 -106.52 
14.2281 0.699886 524.915 -631.335 -106.42 
14.2381 0.699937 524.953 -631.274 -106.321 
14.2481 0.699989 524.992 -631.214 -106.222 
14.2581 0.70004 525.03 -631.155 -106.124 
14.268 0.700092 525.069 -631.096 -106.027 
14.278 0.700145 525.109 -631.037 -105.929 
14.288 0.700192 525.144 -630.979 -105.834 
14.298 0.700235 525.176 -630.919 -105.743 
14.308 0.700281 525.211 -630.859 -105.648 
14.3179 0.70033 525.248 -630.797 -105.55 
14.3279 0.700382 525.287 -630.734 -105.448 
14.3379 0.700439 525.329 -630.67 -105.34 
14.3479 0.700499 525.374 -630.603 -105.228 
14.3578 0.700562 525.422 -630.533 -105.112 
14.3678 0.70063 525.472 -630.462 -104.989 
14.3778 0.700703 525.528 -630.387 -104.859 
14.3878 0.70078 525.585 -630.309 -104.724 
14.3978 0.70086 525.645 -630.228 -104.583 
14.4077 0.700941 525.706 -630.144 -104.438 
14.4177 0.701025 525.769 -630.056 -104.287 
14.4277 0.701117 525.838 -629.964 -104.126 
14.4377 0.701218 525.913 -629.868 -103.955 
14.4476 0.701324 525.993 -629.768 -103.776 
14.4576 0.701433 526.075 -629.664 -103.59 
14.4676 0.70155 526.163 -629.556 -103.394 
14.4776 0.701675 526.256 -629.444 -103.188 
14.4876 0.701808 526.356 -629.327 -102.971 
14.4975 0.701946 526.46 -629.208 -102.749 
14.5075 0.702089 526.567 -629.08 -102.513 
14.5175 0.702241 526.681 -628.95 -102.269 
14.5275 0.702403 526.802 -628.776 -101.974 
14.5374 0.702574 526.93 -628.637 -101.707 
14.5474 0.702753 527.065 -628.494 -101.429 
14.5574 0.702938 527.203 -627.499 -100.296 
14.5674 0.703128 527.346 -627.347 -100.001 
14.5774 0.703326 527.495 -627.192 -99.6972 
14.5873 0.703527 527.645 -627.032 -99.3875 
14.5973 0.70373 527.797 -626.869 -99.0719 
14.6073 0.70394 527.955 -626.702 -98.7476 
14.6173 0.704156 528.117 -626.532 -98.4154 
14.6272 0.704377 528.283 -626.359 -98.0759 
14.6372 0.704601 528.451 -626.182 -97.731 
14.6472 0.704829 528.622 -626.002 -97.3803 
14.6572 0.705064 528.798 -625.82 -97.022 
14.6672 0.705304 528.978 -625.635 -96.6571 
14.6771 0.70555 529.162 -625.448 -96.2853 
14.6871 0.705801 529.351 -624.394 -95.0434 
14.6971 0.706054 529.54 -624.198 -94.658 
14.7071 0.706307 529.73 -624.006 -94.2759 
14.717 0.706568 529.926 -623.812 -93.8863 
14.727 0.706836 530.127 -623.617 -93.49 
14.737 0.707106 530.329 -623.421 -93.092 
14.747 0.707374 530.531 -623.224 -92.6934 
14.7569 0.707641 530.731 -623.027 -92.2958 
14.7669 0.707908 530.931 -622.828 -91.8973 
14.7769 0.708173 531.13 -622.63 -91.5 
14.7869 0.708437 531.328 -622.431 -91.103 
14.7969 0.708688 531.516 -622.194 -90.6776 
14.8068 0.708924 531.693 -621.995 -90.3017 
14.8168 0.70916 531.87 -621.797 -89.9269 
14.8268 0.709397 532.048 -621.599 -89.5513 
14.8368 0.709637 532.228 -621.403 -89.175 
14.8467 0.709874 532.406 -620.85 -88.4444 
14.8567 0.710105 532.579 -620.656 -88.0775 
14.8667 0.710332 532.749 -620.475 -87.726 
14.8767 0.710558 532.919 -620.273 -87.354 
14.8867 0.710773 533.08 -620.084 -87.0036 
14.8966 0.710978 533.234 -619.896 -86.6625 
14.9066 0.711182 533.386 -619.711 -86.3246 
14.9166 0.711382 533.537 -619.527 -85.9906 
14.9266 0.71158 533.685 -619.346 -85.6612 
14.9365 0.711775 533.831 -619.167 -85.336 
14.9465 0.711968 533.976 -618.991 -85.0146 
14.9565 0.71216 534.12 -618.817 -84.6972 
14.9665 0.712352 534.264 -618.646 -84.382 
14.9765 0.712539 534.404 -618.477 -84.073 
14.9864 0.712725 534.544 -618.313 -83.7692 
14.9964 0.712912 534.684 -618.15 -83.4657 
15.0064 0.713098 534.823 -617.995 -83.1721 
15.0164 0.713282 534.961 -617.839 -82.8773 
15.0263 0.713463 535.097 -617.685 -82.588 
15.0363 0.713641 535.231 -617.535 -82.3036 
15.0463 0.713816 535.362 -617.389 -82.0272 
15.0563 0.713982 535.487 -616.166 -80.6794 
15.0663 0.714142 535.607 -615.341 -79.7346 
15.0762 0.714299 535.724 -615.203 -79.4792 
15.0862 0.714457 535.843 -615.07 -79.2277 
15.0962 0.714616 535.962 -614.937 -78.9751 
15.1062 0.714773 536.08 -614.809 -78.7297 
15.1161 0.714927 536.195 -614.685 -78.4898 
15.1261 0.715078 536.308 -614.564 -78.2556 
15.1361 0.715226 536.419 -614.446 -78.027 
15.1461 0.715369 536.527 -614.332 -77.8053 
15.1561 0.715505 536.629 -613.194 -76.5657 
15.166 0.715635 536.726 -612.94 -76.2134 
15.176 0.715765 536.824 -612.836 -76.0126 
15.186 0.715893 536.92 -612.736 -75.8164 
15.196 0.716019 537.014 -612.639 -75.6255 
15.2059 0.71614 537.105 -612.546 -75.4413 
15.2159 0.716258 537.193 -612.457 -75.2632 
15.2259 0.716373 537.28 -612.37 -75.0901 
15.2359 0.716483 537.362 -612.287 -74.9246 
15.2459 0.716588 537.441 -612.207 -74.7662 
15.2558 0.716691 537.518 -612.14 -74.6219 
15.2658 0.716791 537.593 -612.068 -74.4742 
15.2758 0.716885 537.664 -612.003 -74.3392 
15.2858 0.716976 537.732 -611.932 -74.2001 
15.2957 0.717056 537.792 -611.869 -74.0773 
15.3057 0.717121 537.84 -611.81 -73.9692 
15.3157 0.717178 537.883 -611.753 -73.8702 
15.3257 0.71723 537.923 -611.7 -73.7775 
15.3357 0.717276 537.957 -611.651 -73.6939 
15.3456 0.717314 537.986 -611.604 -73.6184 
15.3556 0.717348 538.011 -611.561 -73.5493 
15.3656 0.717379 538.035 -611.52 -73.4858 
15.3756 0.717408 538.056 -611.483 -73.427 
15.3855 0.717435 538.076 -611.449 -73.3728 
15.3955 0.717461 538.095 -611.418 -73.3223 
15.4055 0.717484 538.113 -611.39 -73.2766 
15.4155 0.717507 538.13 -611.365 -73.2347 
15.4255 0.717528 538.146 -611.342 -73.1966 
15.4354 0.717549 538.161 -611.323 -73.162 
15.4454 0.717574 538.181 -611.307 -73.1266 
15.4554 0.717603 538.202 -610.323 -72.1205 
15.4654 0.717633 538.225 -610.31 -72.0855 
15.4753 0.71766 538.245 -610.306 -72.0604 
15.4853 0.717684 538.263 -610.304 -72.0409 
15.4953 0.717708 538.281 -610.305 -72.0244 
15.5053 0.717732 538.299 -610.309 -72.0103 
15.5153 0.717757 538.318 -610.317 -71.9995 
15.5252 0.71778 538.335 -610.326 -71.9906 
15.5352 0.7178 538.35 -610.338 -71.9881 
15.5452 0.717817 538.363 -610.342 -71.9793 
15.5552 0.717829 538.371 -610.36 -71.9886 
15.5651 0.717834 538.376 -610.381 -72.005 
15.5751 0.717839 538.379 -610.404 -72.0248 
15.5851 0.717843 538.382 -610.43 -72.0483 
15.5951 0.71784 538.38 -610.459 -72.0791 
15.6051 0.717831 538.373 -610.49 -72.1172 
15.615 0.717824 538.368 -610.524 -72.1566 
15.625 0.717818 538.363 -610.561 -72.1975 
15.635 0.71781 538.357 -610.608 -72.2506 
15.645 0.7178 538.35 -610.641 -72.2915 
15.6549 0.717788 538.341 -610.685 -72.3444 
15.6649 0.717774 538.331 -610.732 -72.4013 
15.6749 0.717757 538.318 -610.781 -72.463 
15.6849 0.717737 538.303 -610.832 -72.5292 
15.6948 0.717716 538.287 -610.885 -72.5982 
15.7048 0.717689 538.267 -610.941 -72.6745 
15.7148 0.717654 538.24 -611.002 -72.7611 
15.7248 0.717618 538.213 -611.06 -72.8467 
15.7348 0.717581 538.186 -611.123 -72.9366 
15.7447 0.717546 538.16 -611.188 -73.0283 
15.7547 0.717512 538.134 -611.255 -73.121 
15.7647 0.717478 538.108 -611.324 -73.2161 
15.7747 0.717445 538.084 -611.396 -73.3126 
15.7846 0.71741 538.058 -611.47 -73.4123 
15.7946 0.717374 538.03 -611.546 -73.5154 
15.8046 0.717341 538.006 -611.677 -73.6718 
15.8146 0.717309 537.982 -611.752 -73.7698 
15.8246 0.717279 537.959 -611.785 -73.8264 
15.8345 0.717249 537.937 -611.869 -73.9324 
15.8445 0.717218 537.913 -611.955 -74.0419 
15.8545 0.717184 537.888 -612.043 -74.1551 
15.8645 0.717148 537.861 -612.132 -74.2717 
15.8744 0.717111 537.833 -612.224 -74.3903 
15.8844 0.717071 537.803 -612.317 -74.5138 
15.8944 0.717027 537.77 -612.412 -74.6418 
15.9044 0.716998 537.749 -615.236 -77.4878 
15.9144 0.716969 537.727 -612.607 -74.8798 
15.9243 0.716913 537.685 -612.707 -75.0222 
15.9343 0.716833 537.625 -612.812 -75.1871 
15.9443 0.716745 537.558 -612.911 -75.3527 
15.9543 0.716656 537.492 -613.015 -75.5234 
15.9642 0.71656 537.42 -613.121 -75.7009 
15.9742 0.716457 537.343 -613.243 -75.9002 
15.9842 0.716362 537.271 -689.358 -152.087 
15.9942 0.716265 537.199 -689.867 -152.668 
16.0042 0.71617 537.128 -690.38 -153.252 
16.0141 0.716077 537.058 -690.898 -153.84 
16.0241 0.715986 536.99 -691.42 -154.43 
16.0341 0.715896 536.922 -691.948 -155.026 
16.0441 0.715801 536.851 -694.529 -157.679 
16.054 0.7157 536.775 -695.069 -158.294 
16.064 0.715598 536.698 -695.614 -158.915 
16.074 0.715496 536.622 -696.162 -159.54 
16.084 0.715396 536.547 -696.715 -160.168 
16.094 0.715297 536.473 -697.746 -161.273 
16.1039 0.7152 536.4 -698.308 -161.908 
16.1139 0.715104 536.328 -698.874 -162.545 
16.1239 0.715009 536.257 -699.444 -163.187 
16.1339 0.714913 536.185 -700.018 -163.834 
16.1438 0.714818 536.113 -699.757 -163.643 
16.1538 0.714724 536.043 -700.163 -164.12 
16.1638 0.714624 535.968 -700.749 -164.78 
16.1738 0.714519 535.889 -701.338 -165.449 
16.1838 0.714416 535.812 -701.281 -165.469 
16.1937 0.714471 535.853 -730.722 -194.869 
16.2037 0.714717 536.038 -731.061 -195.023 
16.2137 0.715007 536.255 -731.372 -195.117 
16.2237 0.71534 536.505 -731.999 -195.494 
16.2336 0.715705 536.779 -731.915 -195.137 
16.2436 0.7161 537.075 -732.151 -195.076 
16.2536 0.716528 537.396 -732.364 -194.967 
16.2636 0.716988 537.741 -732.556 -194.815 
16.2736 0.717479 538.11 -732.73 -194.621 
16.2835 0.718 538.5 -732.887 -194.388 
16.2935 0.718546 538.91 -733.03 -194.12 
16.3035 0.719117 539.338 -733.161 -193.823 
16.3135 0.719706 539.779 -733.276 -193.497 
16.3234 0.720309 540.232 -733.384 -193.152 
16.3334 0.720924 540.693 -733.484 -192.791 
16.3434 0.721554 541.165 -733.579 -192.413 
16.3534 0.722195 541.646 -733.669 -192.023 
16.3634 0.722845 542.134 -733.757 -191.623 
16.3733 0.723502 542.627 -733.843 -191.217 
16.3833 0.724162 543.121 -733.89 -190.768 
16.3933 0.724826 543.62 -733.979 -190.359 
16.4033 0.725496 544.122 -734.071 -189.949 
16.4132 0.726159 544.62 -734.167 -189.548 
16.4232 0.726813 545.11 -734.28 -189.17 
16.4332 0.727461 545.596 -734.536 -188.94 
16.4432 0.728096 546.072 -734.493 -188.421 
16.4532 0.728716 546.537 -734.617 -188.08 
16.4631 0.72933 546.997 -734.749 -187.752 
16.4731 0.729927 547.445 -734.891 -187.447 
16.4831 0.730507 547.88 -735.044 -187.164 
16.4931 0.731078 548.309 -735.206 -186.897 
16.503 0.731638 548.729 -735.379 -186.65 
16.513 0.732187 549.14 -735.563 -186.422 
16.523 0.732718 549.538 -735.757 -186.219 
16.533 0.73323 549.922 -735.963 -186.041 
16.5429 0.733728 550.296 -736.18 -185.884 
16.5529 0.734212 550.659 -736.408 -185.748 
16.5629 0.734684 551.013 -736.646 -185.633 
16.5729 0.735143 551.358 -736.895 -185.537 
16.5829 0.735587 551.69 -737.157 -185.467 
16.5928 0.73599 551.993 -749.034 -197.042 
16.6028 0.73637 552.277 -749.332 -197.054 
16.6128 0.736731 552.548 -749.638 -197.09 
16.6228 0.737079 552.809 -749.953 -197.143 
16.6327 0.737415 553.062 -750.275 -197.214 
16.6427 0.73774 553.305 -750.605 -197.3 
16.6527 0.738054 553.54 -750.941 -197.401 
16.6627 0.738358 553.768 -751.284 -197.515 
16.6727 0.738653 553.99 -751.632 -197.642 
16.6826 0.738937 554.203 -751.984 -197.781 
16.6926 0.739211 554.408 -752.339 -197.931 
16.7026 0.739476 554.607 -752.698 -198.091 
16.7126 0.739765 554.824 -753.059 -198.235 
16.7225 0.740076 555.057 -753.427 -198.37 
16.7325 0.740376 555.282 -753.784 -198.502 
16.7425 0.740669 555.502 -754.148 -198.645 
16.7525 0.740957 555.718 -754.51 -198.792 
16.7625 0.74124 555.93 -754.87 -198.941 
16.7724 0.741518 556.138 -755.228 -199.089 
16.7824 0.741794 556.346 -755.582 -199.236 
16.7924 0.742067 556.55 -755.931 -199.381 
16.8024 0.742331 556.748 -756.274 -199.526 
16.8123 0.742586 556.94 -756.611 -199.671 
16.8223 0.742838 557.128 -756.517 -199.389 
16.8323 0.743086 557.314 -756.824 -199.51 
16.8423 0.743332 557.499 -757.172 -199.673 
16.8523 0.743576 557.682 -757.431 -199.749 
16.8622 0.743816 557.862 -757.718 -199.856 
16.8722 0.744052 558.039 -757.991 -199.952 
16.8822 0.744287 558.215 -758.249 -200.034 
16.8922 0.744521 558.391 -758.492 -200.101 
16.9021 0.744754 558.566 -758.717 -200.152 
16.9121 0.744987 558.74 -758.924 -200.184 
16.9221 0.745218 558.914 -759.112 -200.198 
16.9321 0.745451 559.088 -759.279 -200.19 
16.9421 0.745687 559.265 -759.424 -200.159 
16.952 0.745938 559.454 -759.351 -199.897 
16.962 0.7462 559.65 -759.447 -199.797 
16.972 0.746461 559.846 -759.518 -199.672 
16.982 0.746726 560.044 -759.562 -199.518 
16.9919 0.746992 560.244 -759.577 -199.333 
17.0019 0.747259 560.444 -759.562 -199.118 
17.0119 0.74753 560.647 -759.516 -198.868 
17.0219 0.747806 560.854 -759.436 -198.581 
17.0319 0.748086 561.064 -759.321 -198.256 
17.0418 0.748366 561.275 -759.169 -197.894 
17.0518 0.748648 561.486 -758.98 -197.493 
17.0618 0.748935 561.701 -758.75 -197.049 
17.0718 0.749225 561.919 -758.479 -196.56 
17.0817 0.749522 562.141 -758.165 -196.023 
17.0917 0.749823 562.367 -757.805 -195.438 
17.1017 0.750122 562.591 -757.398 -194.807 
17.1117 0.750387 562.791 -756.943 -194.152 
17.1217 0.750625 562.969 -756.436 -193.467 
17.1316 0.750866 563.15 -755.875 -192.726 
17.1416 0.751115 563.336 -755.26 -191.924 
17.1516 0.75137 563.528 -754.587 -191.06 
17.1616 0.751624 563.718 -751.852 -188.133 
17.1715 0.751876 563.907 -751.067 -187.16 
17.1815 0.752132 564.099 -750.217 -186.118 
17.1915 0.752394 564.295 -749.301 -185.006 
17.2015 0.752663 564.497 -748.316 -183.819 
17.2115 0.75294 564.705 -747.26 -182.555 
17.2214 0.753223 564.917 -746.129 -181.211 
17.2314 0.753513 565.135 -744.921 -179.786 
17.2414 0.75381 565.358 -743.634 -178.276 
17.2514 0.754113 565.585 -742.264 -176.679 
17.2613 0.754421 565.816 -740.808 -174.993 
17.2713 0.754733 566.05 -739.305 -173.255 
17.2813 0.755047 566.285 -737.629 -171.344 
17.2913 0.755361 566.521 -735.9 -169.379 
17.3013 0.755676 566.757 -734.072 -167.315 
17.3112 0.75599 566.992 -732.143 -165.151 
17.3212 0.756305 567.228 -730.11 -162.882 
17.3312 0.756626 567.47 -727.97 -160.501 
17.3412 0.756951 567.713 -725.716 -158.002 
17.3511 0.757277 567.958 -723.347 -155.389 
17.3611 0.757603 568.202 -720.859 -152.657 
17.3711 0.757928 568.446 -718.248 -149.802 
17.3811 0.758256 568.692 -715.51 -146.819 
17.3911 0.758586 568.94 -712.694 -143.755 
17.401 0.758918 569.188 -709.636 -140.448 
17.411 0.759245 569.434 -706.164 -136.73 
17.421 0.759567 569.675 -702.871 -133.196 
17.431 0.759891 569.918 -699.433 -129.514 
17.4409 0.760266 570.2 -708.331 -138.131 
17.4509 0.760699 570.524 -704.631 -134.107 
17.4609 0.761145 570.859 -700.76 -129.901 
17.4709 0.761605 571.204 -696.714 -125.51 
17.4808 0.762068 571.551 -692.486 -120.935 
17.4908 0.762532 571.899 -688.071 -116.172 
17.5008 0.763008 572.256 -683.464 -111.207 
17.5108 0.763491 572.618 -678.658 -106.039 
17.5208 0.76398 572.985 -673.648 -100.663 
17.5307 0.764478 573.358 -668.428 -95.0699 
17.5407 0.764986 573.739 -662.993 -89.2533 
17.5507 0.765505 574.129 -657.335 -83.206 
17.5607 0.766031 574.523 -651.484 -76.9606 
17.5706 0.766554 574.915 -645.362 -70.4469 
17.5806 0.767078 575.308 -638.999 -63.6907 
17.5906 0.767612 575.709 -632.388 -56.6787 
17.6006 0.768155 576.117 -625.521 -49.4044 
17.6106 0.768707 576.531 -618.315 -41.7841 
17.6205 0.769266 576.95 -610.917 -33.967 
17.6305 0.769831 577.373 -603.242 -25.8691 
17.6405 0.770402 577.801 -595.284 -17.483 
17.6505 0.770977 578.232 -587.034 -8.80128 
17.6604 0.771555 578.666 -578.484 0.181908 
17.6704 0.772136 579.102 -569.628 9.47444 
17.6804 0.77271 579.532 -560.456 19.0763 
17.6904 0.773277 579.958 -550.962 28.9959 
17.7004 0.773848 580.386 -541.134 39.2513 
17.7103 0.77442 580.815 -530.968 49.8475 
17.7203 0.774997 581.247 -520.452 60.7953 
17.7303 0.775577 581.683 -509.579 72.1033 
17.7403 0.776159 582.119 -498.34 83.7795 
17.7502 0.776743 582.557 -486.725 95.832 
17.7602 0.777324 582.993 -474.726 108.268 
17.7702 0.777898 583.423 -462.332 121.092 
17.7802 0.778464 583.848 -449.534 134.314 
17.7902 0.779029 584.272 -436.323 147.948 
17.8001 0.779594 584.696 -422.689 162.007 
17.8101 0.78016 585.12 -408.621 176.499 
17.8201 0.780723 585.542 -394.109 191.433 
17.8301 0.781285 585.964 -379.143 206.82 
17.84 0.781847 586.385 -363.71 222.675 
17.85 0.782405 586.804 -347.803 239 
17.86 0.782958 587.219 -331.411 255.808 
17.87 0.783512 587.634 -314.521 273.113 
17.88 0.784064 588.048 -297.124 290.924 
17.8899 0.784612 588.459 -279.209 309.25 
17.8999 0.785155 588.866 -260.763 328.103 
17.9099 0.785689 589.267 -241.777 347.49 
17.9199 0.786218 589.664 -222.239 367.425 
17.9298 0.786744 590.058 -202.138 387.92 
17.9398 0.787263 590.447 -181.462 408.985 
17.9498 0.787773 590.83 -160.201 430.629 
17.9598 0.788273 591.205 -138.346 452.859 
17.9698 0.788769 591.576 -115.884 475.692 
17.9797 0.789259 591.944 -92.806 499.138 
17.9897 0.789739 592.305 -69.0991 523.205 
17.9997 0.790211 592.658 -44.7522 547.906 
18.0097 0.790681 593.01 -19.7537 573.257 
18.0196 0.791147 593.36 5.7125 599.073 
18.0296 0.791609 593.707 32.2437 625.95 
18.0396 0.79206 594.045 59.2653 653.311 
18.0496 0.792503 594.377 86.9839 681.361 
18.0596 0.792941 594.706 115.411 710.117 
18.0695 0.793372 595.029 144.556 739.586 
18.0795 0.793796 595.347 174.432 769.779 
18.0895 0.794214 595.66 205.049 800.709 
18.0995 0.794628 595.971 236.417 832.388 
18.1094 0.795033 596.274 268.546 864.82 
18.1194 0.795427 596.57 301.448 898.019 
18.1294 0.795818 596.863 335.131 931.995 
18.1394 0.796199 597.149 369.606 966.755 
18.1494 0.79656 597.42 404.88 1002.3 
18.1593 0.796902 597.676 440.963 1038.64 
18.1693 0.797221 597.915 478.519 1076.43 
18.1793 0.797519 598.139 517.108 1115.25 
18.1893 0.797809 598.357 555.67 1154.03 
18.1992 0.798093 598.57 595.074 1193.64 
18.2092 0.798368 598.776 635.327 1234.1 
18.2192 0.798631 598.974 676.435 1275.41 
18.2292 0.798885 599.164 718.404 1317.57 
18.2392 0.799135 599.352 761.239 1360.59 
18.2491 0.799358 599.519 804.946 1404.46 
18.2591 0.799553 599.665 849.528 1449.19 
18.2691 0.799737 599.803 894.989 1494.79 
18.2791 0.799906 599.93 941.331 1541.26 
18.289 0.800082 600.061 988.558 1588.62 
18.299 0.800268 600.201 1036.67 1636.87 
18.309 0.800447 600.335 1085.67 1686 
18.319 0.800606 600.455 1135.55 1736 
18.3289 0.800752 600.564 1186.32 1786.88 
18.3389 0.800889 600.667 1239.57 1840.24 
18.3489 0.801018 600.763 1292.11 1892.87 
18.3589 0.801144 600.858 1345.52 1946.38 
18.3689 0.801269 600.951 1399.8 2000.75 
18.3788 0.801381 601.036 1454.94 2055.98 
18.3888 0.801469 601.102 1510.94 2112.04 
18.3988 0.801541 601.156 1567.79 2168.95 
18.4088 0.801611 601.208 1625.48 2226.69 
18.4187 0.801679 601.26 1684.01 2285.26 
18.4287 0.801745 601.309 1744.39 2345.7 
18.4387 0.80181 601.357 1804.56 2405.92 
18.4487 0.801871 601.403 1865.5 2466.9 
18.4587 0.801929 601.446 1927.19 2528.64 
18.4686 0.801984 601.488 1989.66 2591.15 
18.4786 0.80201 601.508 2052.87 2654.38 
18.4886 0.802002 601.501 2116.8 2718.3 
18.4986 0.801986 601.49 2181.41 2782.9 
18.5085 0.80197 601.477 2246.7 2848.18 
18.5185 0.801951 601.463 2312.64 2914.1 
18.5285 0.801927 601.446 2379.12 2980.56 
18.5385 0.8019 601.425 2446.33 3047.76 
18.5485 0.80187 601.402 2514.04 3115.44 
18.5584 0.801837 601.378 2582.28 3183.66 
18.5684 0.801803 601.353 2651.01 3252.37 
18.5784 0.801759 601.319 2720.21 3321.53 
18.5884 0.801705 601.279 2789.84 3391.12 
18.5983 0.801652 601.239 2859.86 3461.1 
18.6083 0.801599 601.199 2930.23 3531.43 
18.6183 0.801549 601.161 3000.91 3602.07 
18.6283 0.801496 601.122 3071.86 3672.99 
18.6383 0.80144 601.08 3143.04 3744.12 
18.6482 0.801382 601.037 3214.4 3815.43 
18.6582 0.801318 600.989 3286.68 3887.66 
18.6682 0.801249 600.937 3358.25 3959.19 
18.6782 0.801187 600.89 3429.86 4030.75 
18.6881 0.80113 600.848 3501.45 4102.3 
18.6981 0.801069 600.802 3572.97 4173.78 
18.7081 0.801006 600.754 3644.38 4245.14 
18.7181 0.800943 600.707 3715.62 4316.33 
18.7281 0.800881 600.661 3786.65 4387.31 
18.738 0.800818 600.614 3857.39 4458 
18.748 0.800753 600.565 3927.79 4528.36 
18.758 0.800683 600.512 3997.8 4598.31 
18.768 0.800606 600.455 4067.35 4667.8 
18.7779 0.800528 600.396 4136.38 4736.78 
18.7879 0.800449 600.337 4204.84 4805.17 
18.7979 0.800368 600.276 4272.65 4872.93 
18.8079 0.80028 600.21 4339.76 4939.97 
18.8179 0.800184 600.138 4406.11 5006.25 
18.8278 0.800085 600.064 4471.62 5071.69 
18.8378 0.799974 599.981 4536.24 5136.22 
18.8478 0.799848 599.886 4599.89 5199.78 
18.8578 0.799716 599.787 4662.5 5262.28 
18.8677 0.799579 599.684 4723.97 5323.66 
18.8777 0.799438 599.579 4784.22 5383.8 
18.8877 0.799291 599.468 4843.28 5442.75 
18.8977 0.799136 599.352 4900.92 5500.27 
18.9077 0.798978 599.234 4957.31 5556.54 
18.9176 0.798815 599.111 5012.17 5611.28 
18.9276 0.798644 598.983 5065.51 5664.49 
18.9376 0.798464 598.848 5117.27 5716.11 
18.9476 0.79828 598.71 5167.36 5766.07 
18.9575 0.798092 598.569 5215.74 5814.31 
18.9675 0.797902 598.427 5262.29 5860.72 
18.9775 0.79771 598.282 5306.98 5905.26 
18.9875 0.797515 598.136 5349.71 5947.84 
18.9975 0.797314 597.986 5390.44 5988.43 
19.0074 0.797102 597.827 5429.12 6026.95 
19.0174 0.796882 597.661 5465.7 6063.36 
19.0274 0.796652 597.489 5499.8 6097.29 
19.0374 0.796408 597.306 5532.34 6129.65 
19.0473 0.79615 597.112 5562.32 6159.43 
19.0573 0.795884 596.913 5590 6186.91 
19.0673 0.795605 596.704 5615.34 6212.05 
19.0773 0.795312 596.484 5638.32 6234.8 
19.0873 0.795014 596.26 5658.89 6255.15 
19.0972 0.794709 596.032 5677.02 6273.06 
19.1072 0.794404 595.803 5692.69 6288.49 
19.1172 0.794097 595.573 5705.86 6301.43 
19.1272 0.793789 595.342 5716.51 6311.85 
19.1371 0.793479 595.109 5724.61 6319.72 
19.1471 0.793169 594.877 5730.14 6325.02 
19.1571 0.792859 594.644 5733.08 6327.73 
19.1671 0.792549 594.411 5733.44 6327.85 
19.1771 0.792225 594.169 5731.18 6325.35 
19.187 0.79189 593.917 5726.32 6320.24 
19.197 0.791555 593.666 5718.86 6312.52 
19.207 0.791221 593.416 5708.79 6302.2 
19.217 0.790888 593.166 5696.11 6289.28 
19.2269 0.790553 592.915 5680.85 6273.76 
19.2369 0.790212 592.659 5663.01 6255.67 
19.2469 0.789863 592.397 5642.61 6235.01 
19.2569 0.789511 592.134 5619.67 6211.8 
19.2668 0.78916 591.87 5594.21 6186.08 
19.2768 0.788805 591.604 5566.25 6157.85 
19.2868 0.788445 591.334 5535.83 6127.17 
19.2968 0.788087 591.066 5502.99 6094.05 
19.3068 0.787734 590.801 5467.75 6058.55 
19.3167 0.787385 590.539 5430.15 6020.69 
19.3267 0.78704 590.28 5390.25 5980.53 
19.3367 0.786696 590.022 5348.08 5938.1 
19.3467 0.786358 589.768 5303.69 5893.46 
19.3566 0.786026 589.52 5257.14 5846.66 
19.3666 0.785703 589.277 5208.47 5797.75 
19.3766 0.785384 589.038 5157.75 5746.79 
19.3866 0.78507 588.803 5105.03 5693.83 
19.3966 0.784765 588.574 5050.37 5638.95 
19.4065 0.784462 588.346 4993.84 5582.18 
19.4165 0.784162 588.121 4935.92 5524.04 
19.4265 0.783868 587.901 4875.75 5463.66 
19.4365 0.783581 587.686 4813.88 5401.56 
19.4464 0.783307 587.48 4750.36 5337.84 
19.4564 0.783046 587.284 4685.28 5272.57 
19.4664 0.782798 587.098 4618.71 5205.81 
19.4764 0.782564 586.923 4550.73 5137.65 
19.4864 0.782343 586.757 4481.41 5068.16 
19.4963 0.782131 586.598 4410.84 4997.44 
19.5063 0.781931 586.448 4339.11 4925.56 
19.5163 0.781747 586.31 4266.3 4852.61 
19.5263 0.78158 586.185 4192.47 4778.66 
19.5362 0.781429 586.071 4117.71 4703.79 
19.5462 0.781294 585.97 4042.11 4628.08 
19.5562 0.781175 585.881 3965.7 4551.58 
19.5662 0.781075 585.806 3888.58 4474.38 
19.5762 0.780995 585.746 3810.81 4396.56 
19.5861 0.780933 585.7 3732.6 4318.3 
19.5961 0.780888 585.666 3653.79 4239.46 
19.6061 0.780864 585.648 3574.58 4160.23 
19.6161 0.780856 585.642 3495.04 4080.68 
19.626 0.780862 585.647 3415.25 4000.89 
19.636 0.780888 585.666 3335.27 3920.93 
19.646 0.780924 585.693 3255.18 3840.87 
19.656 0.780972 585.729 3175.05 3760.78 
19.666 0.78104 585.78 3094.96 3680.74 
19.6759 0.781123 585.842 3014.96 3600.8 
19.6859 0.781221 585.916 2935.12 3521.04 
19.6959 0.78133 585.997 2855.52 3441.52 
19.7059 0.781448 586.086 2776.2 3362.29 
19.7158 0.781583 586.187 2697.24 3283.43 
19.7258 0.781736 586.302 2618.68 3204.98 
19.7358 0.781908 586.431 2540.59 3127.02 
19.7458 0.782098 586.573 2463.02 3049.59 
19.7558 0.782304 586.728 2386.02 2972.75 
19.7657 0.782527 586.895 2309.64 2896.53 
19.7757 0.782768 587.076 2233.92 2820.99 
19.7857 0.783028 587.271 2158.91 2746.18 
19.7957 0.783305 587.479 2084.66 2672.13 
19.8056 0.783598 587.699 2011.2 2598.9 
19.8156 0.783908 587.931 1938.58 2526.51 
19.8256 0.784234 588.175 1866.82 2455 
19.8356 0.784574 588.43 1795.97 2384.4 
19.8456 0.784923 588.692 1726.06 2314.76 
19.8555 0.785282 588.962 1657.13 2246.09 
19.8655 0.785649 589.237 1589.21 2178.44 
19.8755 0.786021 589.516 1522.32 2111.84 
19.8855 0.786403 589.802 1456.5 2046.3 
19.8954 0.786793 590.095 1392.88 1982.98 
19.9054 0.787191 590.394 1329.31 1919.7 
19.9154 0.787598 590.698 1266.78 1857.48 
19.9254 0.788011 591.008 1205.38 1796.39 
19.9354 0.788429 591.322 1145.13 1736.45 
19.9453 0.788853 591.639 1086.62 1678.26 
19.9553 0.789281 591.961 1028.68 1620.64 
19.9653 0.789715 592.286 971.909 1564.2 
19.9753 0.790149 592.612 916.315 1508.93 
19.9852 0.790582 592.936 861.899 1454.84 
19.9952 0.791015 593.262 809.9 1403.16 
20.0052 0.791436 593.577 757.935 1351.51 
20.0152 0.791844 593.883 707.063 1300.95 
20.0252 0.792247 594.185 657.362 1251.55 
20.0351 0.79264 594.48 608.83 1203.31 
20.0451 0.793036 594.777 561.463 1156.24 
20.0551 0.793436 595.077 515.256 1110.33 
20.0651 0.793829 595.372 470.203 1065.57 
20.075 0.794215 595.661 426.297 1021.96 
20.085 0.794598 595.949 383.531 979.479 
20.095 0.794978 596.233 341.893 938.127 
20.105 0.795353 596.515 301.375 897.89 
20.1149 0.79572 596.79 261.966 858.755 
20.1249 0.796077 597.058 223.651 820.709 
20.1349 0.796427 597.321 186.422 783.742 
20.1449 0.796772 597.579 150.261 747.84 
20.1549 0.797114 597.835 115.156 712.992 
20.1648 0.79745 598.088 81.0927 679.18 
20.1748 0.797783 598.337 48.0544 646.391 
20.1848 0.798107 598.58 16.0259 614.606 
20.1948 0.798421 598.816 -15.0095 583.806 
20.2047 0.798729 599.047 -45.0685 553.978 
20.2147 0.799032 599.274 -74.1683 525.106 
20.2247 0.799329 599.496 -102.334 497.162 
20.2347 0.799613 599.71 -129.56 470.149 
20.2447 0.799885 599.914 -155.889 444.025 
20.2546 0.800158 600.119 -181.329 418.79 
20.2646 0.800433 600.325 -205.9 394.425 
20.2746 0.800702 600.527 -229.62 370.907 
20.2846 0.800956 600.717 -252.508 348.209 
20.2945 0.801195 600.896 -274.582 326.314 
20.3045 0.801429 601.072 -295.861 305.211 
20.3145 0.801656 601.242 -316.364 284.878 
20.3245 0.801875 601.407 -336.109 265.298 
20.3345 0.802092 601.569 -355.115 246.454 
20.3444 0.802304 601.728 -373.4 228.328 
20.3544 0.80251 601.882 -390.984 210.898 
20.3644 0.802708 602.031 -407.883 194.148 
20.3744 0.802896 602.172 -424.115 178.058 
20.3843 0.803076 602.307 -439.695 162.612 
20.3943 0.803251 602.438 -454.641 147.797 
20.4043 0.803421 602.566 -468.973 133.593 
20.4143 0.803585 602.689 -482.707 119.982 
20.4243 0.803746 602.809 -495.862 106.947 
20.4342 0.803903 602.927 -508.455 94.472 
20.4442 0.804058 603.043 -520.504 82.5395 
20.4542 0.804209 603.157 -532.024 71.1332 
20.4642 0.80436 603.27 -543.032 60.2379 
20.4741 0.804503 603.377 -553.545 49.8319 
20.4841 0.804633 603.475 -563.579 39.8961 
20.4941 0.804755 603.567 -573.149 30.4179 
20.5041 0.804868 603.651 -582.271 21.3801 
20.5141 0.804973 603.73 -590.957 12.7731 
20.524 0.805079 603.81 -599.225 4.58467 
20.534 0.805186 603.89 -607.088 -3.1982 
20.544 0.805284 603.963 -614.56 -10.5965 
20.554 0.805365 604.024 -621.654 -17.6306 
20.5639 0.805435 604.077 -628.384 -24.3076 
20.5739 0.805505 604.129 -634.763 -30.6345 
20.5839 0.805572 604.179 -640.803 -36.6243 
20.5939 0.805634 604.226 -646.517 -42.2913 
20.6039 0.805695 604.272 -651.916 -47.6449 
20.6138 0.805757 604.318 -657.013 -52.6952 
20.6238 0.805819 604.364 -661.818 -57.4541 
20.6338 0.805881 604.41 -666.586 -62.1759 
20.6438 0.805941 604.456 -670.598 -66.1416 
20.6537 0.806001 604.501 -674.593 -70.0924 
20.6637 0.806058 604.544 -678.34 -73.796 
20.6737 0.806102 604.576 -681.847 -77.2703 
20.6837 0.806134 604.6 -685.124 -80.5235 
20.6937 0.806165 604.624 -688.181 -83.5566 
20.7036 0.806172 604.629 -691.026 -86.3975 
20.7136 0.806154 604.616 -693.823 -89.2075 
20.7236 0.804707 603.53 -696.116 -92.5859 
20.7336 0.804491 603.368 -695.814 -92.4456 
20.7435 0.805725 604.294 -692.666 -88.3717 
20.7535 0.805718 604.288 -689.215 -84.9264 
20.7635 0.805713 604.285 -685.442 -81.1568 
20.7735 0.805707 604.28 -681.328 -77.0473 
20.7835 0.805699 604.274 -676.843 -72.5692 
20.7934 0.805693 604.27 -671.982 -67.7122 
20.8034 0.80569 604.268 -666.713 -62.4453 
20.8134 0.805688 604.266 -661.012 -56.7458 
20.8234 0.805681 604.26 -654.852 -50.5916 
20.8333 0.805669 604.252 -648.215 -43.9631 
20.8433 0.805661 604.246 -641.047 -36.8017 
20.8533 0.805653 604.24 -633.343 -29.103 
20.8633 0.805646 604.235 -625.062 -20.8276 
20.8733 0.805638 604.228 -616.171 -11.9424 
20.8832 0.805628 604.221 -606.633 -2.41269 
20.8932 0.805615 604.212 -596.413 7.79881 
20.9032 0.805598 604.199 -585.473 18.7256 
20.9132 0.805581 604.185 -573.761 30.4245 
20.9231 0.805567 604.176 -561.244 42.9314 
20.9331 0.805559 604.169 -547.873 56.2962 
20.9431 0.805558 604.169 -534.051 70.1177 
20.9531 0.805565 604.174 -518.822 85.3512 
20.9631 0.805571 604.178 -502.586 101.592 
20.973 0.80558 604.185 -485.283 118.901 
20.983 0.805576 604.182 -466.848 137.334 
20.993 0.80556 604.17 -447.232 156.938 
21.003 0.805546 604.159 -426.364 177.796 
21.0129 0.805534 604.15 -404.172 199.978 
21.0229 0.805526 604.144 -380.585 223.559 
21.0329 0.805502 604.127 -355.522 248.604 
21.0429 0.805463 604.097 -328.906 275.192 
21.0528 0.805427 604.07 -300.649 303.421 
21.0628 0.805395 604.046 -270.662 333.384 
21.0728 0.805369 604.026 -238.852 365.174 
21.0828 0.805346 604.01 -205.118 398.891 
21.0928 0.805325 603.994 -169.357 434.636 
21.1027 0.805314 603.985 -131.46 472.526 
21.1127 0.805316 603.987 -91.31 512.677 
21.1227 0.805324 603.993 -49.3697 554.624 
21.1327 0.805337 604.003 -7.91009 596.092 
21.1426 0.80535 604.012 39.7702 643.782 
21.1526 0.805351 604.013 90.2207 694.234 
21.1626 0.805343 604.007 143.583 747.59 
21.1726 0.805335 604.001 200.025 804.026 
21.1826 0.805331 603.998 259.692 863.69 
21.1925 0.805332 603.999 322.762 926.761 
21.2025 0.805348 604.011 389.408 993.419 
21.2125 0.805382 604.036 459.816 1063.85 
21.2225 0.805424 604.068 534.182 1138.25 
21.2324 0.805474 604.105 612.708 1216.81 
21.2424 0.805523 604.142 695.609 1299.75 
21.2524 0.805584 604.188 783.107 1387.3 
21.2624 0.805651 604.238 875.437 1479.68 
21.2724 0.805715 604.287 972.843 1577.13 
21.2823 0.805785 604.339 1075.58 1679.92 
21.2923 0.805859 604.394 1183.92 1788.31 
21.3023 0.805936 604.452 1298.14 1902.59 
21.3123 0.806014 604.51 1418.52 2023.03 
21.3222 0.806094 604.571 1545.41 2149.98 
21.3322 0.806162 604.621 1679.11 2283.73 
21.3422 0.806219 604.664 1819.96 2424.63 
21.3522 0.806279 604.709 1968.31 2573.02 
21.3622 0.806341 604.756 2124.55 2729.31 
21.3721 0.806407 604.805 2289.03 2893.84 
21.3821 0.806453 604.84 2462.17 3067.01 
21.3921 0.806482 604.861 2644.36 3249.22 
21.4021 0.806512 604.884 2836.06 3440.94 
